3 2673
4 2868
4 2916
3 2707
3 2663
3 2647
4 2747
3 2703
4 2748
3 2597
3 2699
4 2842
4 2921
3 2744
3 2750
3 2615
4 2738
3 2670
3 2723
4 2782
4 2909
3 2628
3 2650
3 2640
3 2671
3 2726
4 2827
4 2692
3 2727
3 2700
3 2671
5 2918
5 2830
3 2627
3 2652
4 2790
3 2764
4 2743
4 2763
3 2653
3 2711
3 2746
3 2683
4 2867
3 2694
3 2706
3 2772
3 2666
3 2678
4 2867
4 2816
4 2802
3 2668
3 2760
4 2818
3 2692
3 2742
4 2709
3 2665
4 2896
4 2734
4 2829
4 2881
4 2797
3 2738
3 2676
3 2708
4 2752
4 2750
3 2704
3 2698
4 2782
3 2665
3 2738
4 2744
4 2758
4 2765
5 2892
4 2809
4 2747
3 2749
4 2892
4 2767
3 2677
3 2604
4 2753
4 2792
3 2713
3 2801
3 2743
3 2702
3 2837
4 2802
3 2667
3 2689
4 2688
5 2902
4 2936
3 2690
