3 2635
3 2583
3 2732
4 2597
3 2620
3 2656
3 2699
4 2791
3 2672
3 2551
3 2595
3 2649
3 2599
3 2629
3 2578
5 2849
3 2590
3 2632
3 2653
3 2620
3 2698
4 2747
3 2659
4 2720
4 2808
3 2613
3 2595
4 2749
3 2610
3 2636
3 2625
4 2709
3 2681
3 2750
3 2640
3 2656
3 2634
3 2589
3 2570
3 2531
3 2559
3 2644
3 2562
3 2682
3 2596
3 2668
3 2583
3 2714
4 2682
3 2700
3 2616
3 2613
3 2594
3 2676
3 2659
3 2705
3 2607
3 2634
3 2609
3 2714
3 2583
3 2566
3 2673
3 2656
3 2628
3 2694
5 2949
3 2730
3 2573
3 2608
4 2756
3 2631
3 2723
2 2553
3 2547
3 2685
3 2627
3 2671
3 2589
3 2666
3 2659
3 2618
3 2711
3 2654
3 2599
3 2610
3 2677
3 2606
3 2655
3 2657
3 2708
3 2623
4 2676
3 2653
3 2735
3 2580
3 2683
3 2638
3 2618
3 2618
3 2627
4 2736
4 2768
4 2687
3 2753
3 2648
3 2581
4 2571
3 2714
3 2571
3 2641
3 2730
3 2710
3 2706
3 2650
3 2564
3 2560
4 2717
3 2627
3 2630
3 2697
3 2686
3 2593
3 2665
3 2636
3 2603
3 2625
3 2696
3 2618
3 2674
3 2619
3 2691
3 2600
3 2551
4 2802
4 2733
3 2560
3 2714
3 2614
3 2611
4 2681
3 2564
3 2663
3 2602
3 2601
3 2592
3 2650
3 2627
3 2593
3 2693
3 2650
3 2640
3 2652
3 2638
3 2639
3 2664
3 2590
3 2643
3 2734
3 2795
3 2564
3 2634
3 2593
3 2643
3 2675
3 2670
3 2603
3 2603
3 2592
3 2574
3 2613
4 2739
3 2568
3 2662
3 2634
3 2729
3 2642
4 2782
3 2616
3 2616
4 2881
4 2724
3 2573
3 2697
3 2626
3 2574
4 2820
4 2731
3 2588
3 2588
3 2641
3 2510
3 2663
4 2715
3 2699
3 2665
3 2711
3 2659
3 2641
3 2761
3 2670
4 2698
3 2603
3 2593
3 2611
4 2717
3 2590
3 2687
3 2585
3 2589
3 2621
4 2718
3 2647
3 2709
3 2640
3 2608
3 2659
3 2596
3 2583
3 2594
3 2609
3 2652
4 2617
3 2671
3 2613
3 2618
3 2688
3 2621
3 2570
3 2639
3 2640
3 2594
3 2669
3 2630
3 2634
3 2663
3 2579
3 2636
3 2681
3 2655
3 2668
3 2522
3 2630
3 2597
3 2654
3 2638
3 2628
3 2628
3 2575
3 2658
3 2751
3 2649
3 2648
3 2565
3 2557
3 2572
3 2593
3 2689
3 2616
3 2588
3 2659
3 2648
3 2640
3 2658
3 2603
3 2647
3 2591
3 2631
3 2623
3 2570
3 2700
3 2610
3 2603
3 2680
3 2532
3 2733
3 2700
3 2567
3 2566
3 2608
4 2650
3 2648
3 2620
3 2583
3 2604
3 2621
4 2774
3 2543
3 2689
3 2600
3 2671
3 2588
3 2720
3 2713
3 2619
3 2673
3 2633
2 2591
2 2576
3 2651
4 2714
4 2796
3 2619
3 2628
3 2581
3 2646
3 2589
3 2632
3 2694
3 2703
3 2647
3 2660
3 2542
3 2674
4 2715
3 2571
3 2680
3 2596
3 2737
3 2622
3 2572
3 2579
3 2539
3 2596
3 2647
3 2644
4 2696
3 2579
3 2634
4 2655
3 2610
3 2649
3 2540
3 2627
3 2558
3 2666
3 2695
3 2673
3 2581
3 2688
3 2616
3 2621
3 2589
3 2586
3 2595
3 2643
3 2642
3 2629
3 2611
3 2646
3 2674
3 2660
3 2613
3 2697
4 2798
3 2649
3 2682
3 2603
3 2621
3 2559
3 2621
3 2676
3 2607
3 2659
3 2616
3 2610
3 2615
3 2631
3 2719
3 2601
3 2653
3 2632
3 2726
3 2621
3 2577
3 2555
3 2736
3 2592
3 2741
4 2602
3 2569
3 2647
4 2790
3 2625
3 2661
3 2643
3 2567
3 2591
3 2537
3 2683
3 2646
3 2657
3 2640
3 2589
4 2770
4 2696
4 2718
3 2720
3 2615
3 2553
3 2644
3 2613
3 2700
3 2688
4 2740
3 2620
3 2638
3 2660
3 2605
3 2659
4 2758
3 2661
3 2651
3 2618
4 2804
3 2575
3 2594
3 2593
2 2641
3 2599
3 2610
3 2611
3 2683
3 2643
3 2629
3 2581
3 2718
3 2620
3 2638
3 2610
4 2683
3 2679
3 2641
3 2691
3 2723
4 2714
3 2642
3 2670
3 2617
3 2623
3 2581
3 2587
3 2703
4 2864
3 2659
3 2670
4 2714
3 2593
3 2667
3 2644
3 2610
3 2684
3 2618
3 2607
4 2760
3 2663
3 2601
3 2554
4 2727
3 2571
3 2680
3 2571
3 2609
3 2611
3 2650
3 2595
4 2686
3 2557
3 2645
3 2701
3 2592
3 2733
3 2695
3 2697
3 2621
3 2552
3 2592
3 2675
3 2626
3 2608
3 2603
3 2572
3 2698
3 2607
3 2746
4 2796
3 2531
3 2653
3 2563
3 2587
4 2805
3 2592
3 2621
3 2680
3 2642
3 2642
3 2596
3 2580
3 2683
3 2650
3 2604
3 2706
4 2664
3 2612
4 2825
3 2665
3 2600
3 2677
3 2568
4 2705
3 2710
3 2637
3 2627
3 2631
3 2658
3 2592
4 2779
3 2671
3 2581
3 2557
3 2675
3 2692
3 2629
3 2609
3 2691
3 2587
3 2708
3 2619
3 2653
3 2594
4 2717
3 2657
3 2629
3 2631
3 2564
3 2620
3 2605
4 2716
3 2582
3 2611
3 2714
3 2655
3 2571
3 2586
3 2724
4 2851
3 2715
3 2553
4 2732
3 2673
3 2630
3 2635
3 2623
3 2639
3 2666
3 2585
4 2807
3 2655
3 2662
3 2636
3 2688
3 2637
4 2837
3 2682
4 2666
3 2585
3 2609
3 2649
4 2752
3 2647
3 2641
4 2709
3 2686
3 2621
3 2641
3 2578
3 2617
3 2609
3 2727
3 2678
3 2621
3 2646
4 2656
3 2609
4 2752
3 2679
3 2635
4 2756
3 2632
3 2620
3 2622
3 2581
4 2600
4 2702
3 2627
3 2633
3 2605
3 2570
3 2630
4 2807
3 2670
3 2644
3 2590
3 2692
3 2636
3 2525
3 2688
3 2648
3 2552
3 2667
4 2657
3 2591
3 2593
3 2704
3 2629
3 2684
4 2747
3 2593
4 2765
3 2632
3 2677
3 2575
3 2548
3 2607
3 2668
4 2924
3 2594
3 2554
3 2624
3 2743
3 2697
3 2641
3 2624
3 2642
3 2715
3 2644
3 2672
3 2570
3 2652
3 2665
3 2575
3 2732
3 2617
3 2629
4 2788
3 2624
3 2569
3 2597
3 2603
3 2601
3 2713
3 2680
4 2656
3 2557
4 2743
3 2657
3 2629
3 2590
4 2662
3 2720
3 2629
3 2633
3 2636
3 2638
3 2615
3 2669
3 2630
3 2611
3 2686
3 2622
3 2589
3 2630
3 2551
3 2582
4 2668
3 2633
3 2691
4 2717
3 2676
3 2648
3 2623
3 2589
3 2640
3 2626
3 2585
3 2658
3 2658
3 2570
4 2656
3 2638
3 2596
3 2590
3 2566
3 2555
3 2762
3 2644
3 2586
3 2734
3 2598
3 2599
4 2677
3 2661
3 2594
3 2632
3 2616
3 2627
3 2683
3 2773
3 2612
3 2602
3 2658
3 2594
3 2597
3 2616
3 2634
3 2594
4 2847
3 2660
4 2735
3 2651
4 2770
3 2614
3 2600
3 2581
4 2759
3 2621
3 2698
3 2689
3 2809
3 2751
3 2614
3 2610
3 2644
3 2664
3 2689
3 2662
3 2584
3 2737
3 2583
3 2600
3 2599
3 2636
4 2692
4 2696
3 2659
3 2629
3 2645
3 2615
3 2635
4 2753
3 2637
3 2619
3 2624
3 2611
3 2716
3 2613
3 2682
3 2764
4 2736
3 2644
3 2704
4 2817
3 2629
3 2644
3 2619
3 2580
4 2862
3 2606
3 2601
4 2705
3 2637
3 2643
3 2663
3 2583
3 2749
3 2724
3 2605
3 2622
3 2578
3 2623
3 2630
3 2650
3 2616
3 2596
3 2623
3 2684
3 2695
3 2627
3 2634
2 2571
3 2734
3 2603
3 2600
3 2609
3 2552
3 2634
4 2827
3 2589
3 2568
3 2647
3 2616
3 2662
3 2549
3 2646
3 2746
3 2638
3 2614
3 2605
3 2634
3 2645
3 2606
3 2707
3 2604
3 2601
3 2705
3 2658
3 2667
3 2671
3 2632
3 2677
3 2618
3 2650
3 2644
3 2616
4 2721
3 2655
3 2725
3 2605
4 2761
3 2627
3 2652
3 2737
3 2637
4 2681
3 2608
4 2766
3 2673
4 2779
3 2645
3 2654
4 2681
3 2564
3 2792
3 2599
3 2605
3 2605
3 2627
3 2666
4 2696
3 2637
2 2585
3 2627
3 2599
3 2659
3 2661
3 2676
3 2573
3 2561
3 2658
3 2661
3 2582
3 2594
3 2567
3 2648
3 2596
3 2743
3 2620
3 2626
3 2585
3 2592
3 2622
3 2596
3 2643
4 2662
3 2637
3 2673
3 2590
3 2679
3 2618
3 2700
4 2739
3 2739
3 2651
3 2642
3 2643
3 2590
3 2556
3 2591
3 2623
4 2717
3 2575
3 2732
3 2657
3 2616
4 2787
3 2686
3 2589
2 2542
4 2728
3 2625
3 2635
2 2581
3 2612
3 2620
4 2669
3 2613
4 2649
3 2578
3 2677
3 2609
3 2579
4 2674
3 2653
3 2610
3 2610
3 2736
3 2634
3 2628
3 2625
3 2647
4 2826
3 2654
3 2681
3 2654
3 2598
3 2625
3 2626
3 2578
3 2639
3 2649
3 2644
4 2789
3 2607
3 2593
3 2676
3 2664
3 2680
3 2571
3 2653
3 2547
3 2591
3 2675
3 2657
5 2840
3 2656
3 2565
3 2636
3 2602
3 2719
3 2659
3 2623
3 2720
3 2769
4 2748
3 2623
3 2601
3 2635
3 2690
4 2846
3 2619
3 2664
3 2608
3 2722
3 2652
3 2651
3 2627
3 2592
3 2648
3 2555
3 2681
3 2646
3 2604
3 2658
4 2781
3 2626
3 2709
3 2616
4 2671
3 2550
3 2597
4 2745
3 2581
3 2648
3 2634
3 2631
3 2550
3 2659
3 2633
3 2708
4 2714
3 2554
3 2733
3 2691
3 2677
3 2560
3 2698
3 2664
3 2654
3 2528
3 2710
