4 2958
4 2986
6 3119
4 2913
3 2872
4 2914
4 2892
6 3165
3 2783
4 2953
4 3112
4 2886
4 3065
4 2836
5 3127
3 2833
4 2880
4 3032
4 3033
4 2944
3 2850
4 2815
4 2875
4 2923
4 2860
5 2999
3 2838
4 3147
4 2998
5 2909
5 2957
4 2889
5 3041
4 2815
4 2878
4 2920
4 2880
5 3088
4 2880
4 2912
4 2950
4 2870
4 3025
4 2950
4 2852
3 2770
3 2832
4 2955
4 2946
4 2823
4 3022
4 2903
3 2909
5 2948
4 2853
4 2925
4 3008
5 3054
4 3000
4 3011
4 2932
5 2992
4 2867
4 2856
4 2886
5 2979
4 2830
4 2892
4 2892
4 2866
5 3119
4 2914
4 2915
4 2974
4 3032
4 2982
3 2825
5 3112
3 2848
4 2871
5 3132
4 2976
5 3038
4 2889
4 2849
4 2822
5 2971
4 2952
4 2951
3 2831
3 2837
4 2920
4 3030
4 2988
4 2882
4 2999
4 2922
4 2906
3 2807
