3 2646
4 2710
3 2642
3 2643
4 2832
3 2648
4 2685
3 2649
3 2631
4 2689
3 2616
4 2780
3 2707
3 2701
3 2646
3 2648
4 2713
3 2640
3 2656
3 2580
3 2673
3 2742
4 2646
4 2636
4 2754
3 2633
3 2572
3 2592
3 2600
3 2748
4 2876
3 2728
3 2679
3 2692
4 2769
3 2655
3 2529
3 2629
3 2634
3 2660
4 2725
4 2878
3 2779
4 2766
3 2595
3 2876
3 2564
3 2626
3 2755
3 2647
4 2875
4 2759
3 2617
5 2848
4 2843
3 2605
3 2694
3 2672
4 2839
3 2714
3 2667
3 2747
4 2737
3 2718
3 2638
3 2650
3 2703
4 2788
3 2768
3 2643
4 2842
3 2654
3 2604
3 2706
3 2704
3 2629
3 2674
4 2717
4 2730
3 2633
4 2780
3 2666
4 2751
4 2776
4 2763
3 2631
3 2826
4 2865
3 2678
4 2701
3 2885
4 2806
3 2662
3 2771
3 2569
3 2652
3 2705
4 2706
3 2571
3 2722
4 2661
3 2770
3 2567
3 2640
3 2639
3 2795
4 2735
3 2640
4 2683
4 2710
4 2703
4 2711
3 2588
3 2625
3 2603
3 2696
3 2769
4 2770
3 2616
4 2812
3 2723
4 2718
3 2664
3 2586
3 2562
3 2589
3 2750
3 2612
3 2599
3 2632
3 2788
4 2791
3 2822
3 2588
4 2671
3 2619
3 2656
3 2655
4 2744
3 2578
4 2809
4 2825
3 2680
3 2613
3 2632
5 2988
3 2683
3 2607
3 2559
4 2678
4 2754
3 2617
4 2781
3 2704
3 2620
3 2697
3 2602
3 2713
3 2696
3 2743
3 2599
3 2587
4 2695
3 2776
3 2597
3 2639
4 2805
3 2662
4 2746
3 2638
3 2602
3 2645
3 2693
4 2760
3 2671
4 2853
4 2865
3 2623
3 2715
3 2596
4 2773
3 2746
4 2695
3 2727
5 2811
4 2765
4 2776
3 2622
3 2616
4 2769
4 2942
3 2726
3 2776
4 2741
5 2973
3 2624
3 2653
3 2595
3 2602
3 2662
3 2652
3 2879
3 2615
4 2879
3 2680
3 2755
3 2718
3 2630
3 2629
3 2643
4 2727
3 2561
3 2681
3 2674
4 2703
3 2667
4 2791
4 2738
3 2595
3 2772
4 2810
4 2684
4 2674
3 2597
4 2716
3 2737
3 2647
3 2678
3 2710
4 2793
3 2627
4 2725
3 2558
3 2721
3 2665
3 2652
3 2641
4 2729
3 2576
3 2583
4 2731
3 2591
3 2606
3 2747
3 2666
3 2624
4 2702
4 2866
3 2690
3 2631
3 2680
3 2614
3 2826
3 2611
3 2579
3 2591
3 2624
3 2602
4 2846
3 2737
3 2639
3 2618
3 2635
3 2750
3 2610
3 2647
4 2723
3 2743
3 2613
3 2739
3 2625
3 2667
3 2694
3 2734
3 2597
3 2603
3 2698
3 2646
4 2680
3 2581
4 2712
4 2745
4 2761
4 2728
3 2674
3 2640
3 2661
3 2684
3 2599
3 2628
3 2640
3 2652
4 2844
3 2601
3 2567
3 2586
3 2708
3 2608
3 2681
3 2581
4 2750
3 2707
4 2772
3 2664
4 2743
3 2617
3 2709
3 2749
4 2802
3 2644
4 2882
3 2668
3 2644
4 2672
3 2596
3 2791
4 2736
3 2612
4 2755
4 2627
3 2724
3 2700
3 2554
4 2669
4 2771
4 2677
4 2804
3 2701
3 2672
3 2744
3 2619
4 2570
3 2583
4 2765
3 2704
3 2688
4 2774
4 2789
3 2616
3 2828
3 2758
4 2810
3 2666
3 2742
3 2657
3 2535
3 2707
3 2599
3 2727
3 2675
3 2619
3 2559
5 2784
3 2586
3 2614
4 2741
4 2806
4 2695
4 2701
3 2708
4 2757
3 2632
3 2712
3 2684
3 2654
3 2633
4 2828
4 2804
3 2669
4 2679
3 2680
3 2542
4 2657
3 2668
3 2610
4 2688
3 2703
4 2759
3 2690
3 2646
3 2654
3 2669
4 2758
3 2725
3 2623
3 2613
3 2681
4 2646
3 2715
4 2861
3 2672
4 2771
4 2808
3 2597
3 2655
3 2781
4 2927
4 2772
4 2778
3 2646
3 2596
3 2724
3 2699
3 2683
3 2827
3 2680
3 2612
3 2634
4 2695
3 2779
4 2788
3 2742
3 2732
3 2624
3 2585
4 2759
3 2659
3 2604
3 2615
3 2780
3 2688
4 2825
3 2740
3 2621
3 2627
4 2640
3 2685
3 2666
4 2810
3 2699
3 2531
3 2621
3 2699
4 2780
3 2734
3 2580
3 2746
4 2806
4 2681
3 2654
4 2716
3 2610
3 2639
3 2711
3 2861
3 2738
3 2704
3 2634
4 2759
4 2730
4 2612
3 2709
3 2631
3 2609
3 2624
3 2594
3 2695
4 2664
3 2630
3 2646
3 2723
3 2682
4 2650
4 2731
3 2658
3 2702
3 2669
4 2756
3 2702
3 2692
3 2747
3 2572
3 2568
4 2800
3 2743
3 2622
3 2753
3 2581
3 2677
3 2659
3 2572
3 2708
3 2718
3 2704
3 2587
3 2589
3 2598
3 2590
3 2607
5 2843
4 2708
4 2960
3 2646
3 2585
3 2674
3 2657
3 2638
3 2677
3 2622
3 2622
3 2748
4 2734
4 2771
4 2707
3 2672
3 2655
3 2704
4 2888
3 2668
3 2629
3 2667
3 2803
4 2807
3 2665
3 2655
3 2800
3 2572
3 2638
3 2677
3 2641
3 2588
3 2660
3 2632
4 2683
3 2605
3 2618
3 2644
3 2689
3 2607
4 2787
3 2719
3 2644
3 2646
3 2764
4 2754
3 2811
3 2709
3 2656
3 2759
4 2805
3 2662
3 2745
3 2736
3 2641
3 2732
3 2591
4 2706
3 2694
3 2541
3 2834
3 2576
3 2762
3 2677
3 2636
3 2559
4 2774
4 2711
3 2667
3 2691
3 2591
3 2635
4 2966
4 2714
4 2668
3 2611
3 2650
3 2811
3 2634
3 2646
4 2873
4 2754
4 2710
3 2653
3 2749
3 2572
4 2959
4 2761
3 2661
3 2623
4 2695
3 2618
4 2692
3 2634
3 2715
4 2793
3 2562
3 2600
4 2797
3 2674
4 2785
3 2727
4 2754
3 2629
3 2641
3 2653
3 2620
3 2617
4 2830
4 2801
3 2628
3 2779
4 2716
3 2693
3 2798
3 2656
3 2610
3 2820
3 2715
3 2634
4 2677
3 2581
4 2831
3 2724
3 2764
3 2615
3 2640
3 2535
3 2633
3 2598
4 2765
3 2607
4 2716
4 2672
3 2651
3 2694
4 2748
4 2757
3 2677
3 2653
4 2750
3 2672
4 2781
3 2644
3 2652
3 2700
3 2787
3 2654
4 2760
4 2789
3 2721
3 2617
3 2613
3 2642
3 2653
3 2650
4 2851
3 2624
4 2827
4 2772
4 2728
3 2653
4 2739
3 2537
4 2690
3 2628
4 2768
3 2642
4 2886
4 2786
4 2742
3 2575
3 2629
3 2536
4 2682
3 2561
3 2679
4 2803
3 2733
3 2597
3 2640
4 2757
3 2671
4 2817
3 2671
3 2640
3 2647
3 2673
3 2682
4 2748
3 2768
3 2537
4 2630
4 2942
3 2623
3 2735
3 2634
3 2649
6 3129
4 2701
4 2748
3 2579
3 2607
3 2591
3 2638
4 2670
3 2608
4 2783
3 2685
3 2644
4 2750
3 2635
3 2765
3 2635
4 2811
3 2593
3 2649
3 2596
3 2601
4 2750
3 2583
3 2679
4 2776
5 2810
3 2611
5 2957
4 2756
3 2595
3 2690
4 2701
3 2578
3 2633
3 2659
4 2809
4 2774
3 2591
3 2712
4 2789
3 2665
3 2642
3 2743
4 2831
4 2916
3 2642
3 2674
4 2704
3 2648
4 2797
3 2718
5 2876
3 2561
4 2811
4 2734
3 2746
3 2578
3 2797
3 2738
3 2586
4 2675
3 2650
4 2851
3 2651
3 2609
3 2655
4 2913
3 2648
3 2683
3 2636
3 2594
3 2610
3 2618
4 2706
3 2659
4 2803
3 2718
4 2668
3 2651
3 2607
4 2738
3 2670
4 2701
3 2697
3 2714
3 2710
3 2590
3 2670
3 2687
3 2577
3 2630
3 2676
4 2918
3 2704
3 2729
4 2644
4 2827
4 2631
3 2692
3 2575
3 2629
3 2597
3 2603
3 2681
3 2662
4 2735
4 2655
4 2758
3 2731
3 2758
4 2834
3 2647
4 2807
3 2639
3 2664
3 2586
3 2786
4 2733
4 2733
4 2652
4 2703
4 2790
3 2734
4 2676
3 2623
3 2669
4 2710
3 2603
3 2635
4 2687
3 2606
3 2590
4 2738
4 2884
3 2837
3 2686
4 2718
3 2641
4 2720
3 2594
3 2679
4 2851
4 2813
4 2755
4 2782
3 2615
3 2743
3 2704
3 2634
3 2752
3 2644
3 2611
3 2689
3 2604
4 2757
4 2818
3 2634
4 2746
3 2579
3 2633
3 2624
3 2562
3 2763
4 2818
3 2631
3 2615
3 2640
3 2767
3 2644
4 2673
5 2886
4 2718
3 2617
4 2874
3 2778
3 2662
4 2815
3 2665
4 2754
3 2603
3 2673
3 2560
4 2691
4 2691
3 2612
3 2616
3 2722
3 2623
3 2618
3 2671
3 2588
3 2683
3 2532
4 2766
3 2654
4 2705
3 2577
3 2584
3 2732
4 2785
4 2870
3 2705
4 2828
4 2749
4 2799
3 2719
3 2665
3 2731
4 2736
3 2610
3 2701
4 2676
3 2710
3 2698
4 2878
3 2662
3 2650
3 2755
4 2869
3 2748
3 2570
3 2672
3 2597
4 2863
3 2636
4 2765
3 2692
4 2762
3 2653
3 2533
4 2787
3 2625
3 2705
3 2613
4 2716
4 2796
4 2748
4 2713
3 2596
3 2837
3 2740
4 2842
4 2738
3 2663
4 2710
3 2629
3 2689
4 2697
4 2810
3 2612
3 2645
3 2695
3 2672
3 2638
3 2717
4 2637
4 2720
3 2668
3 2584
3 2644
3 2698
4 2649
3 2631
4 2751
3 2659
4 2711
5 2888
3 2548
3 2603
3 2757
3 2606
4 2879
3 2682
4 2829
3 2655
3 2599
3 2551
4 2662
3 2667
3 2761
3 2626
4 2833
4 2816
4 2694
3 2663
3 2772
3 2568
3 2622
3 2611
3 2617
3 2685
3 2744
3 2603
4 2799
3 2628
3 2608
3 2590
4 2703
3 2646
4 2702
3 2651
3 2534
3 2573
3 2613
3 2630
4 2759
3 2624
4 2780
3 2644
4 2819
3 2679
4 2758
