4 2961
4 2932
4 2932
3 2862
4 2958
3 2880
4 3010
4 2892
5 2900
3 2861
4 2782
4 2877
4 2924
3 2892
4 2991
4 2856
4 2874
4 2908
4 2837
4 2822
4 3017
4 2888
4 2940
4 2932
4 2855
3 2822
4 2927
4 2874
4 2896
4 2832
4 2827
4 2858
4 2849
4 2913
4 2892
4 2930
4 2804
4 2914
4 2948
4 2827
4 2960
4 3040
4 2944
4 2939
4 2844
4 2897
4 2870
3 2855
4 2890
3 2739
4 2899
3 2850
4 2893
4 2957
4 2920
3 2764
4 2899
7 3190
4 3069
4 2889
3 2899
3 2813
3 2802
4 2836
4 2932
4 2898
3 2779
4 2782
3 2841
5 2944
3 2788
4 2895
4 2814
3 2842
5 2893
5 3080
4 2835
4 2901
4 2909
5 3025
6 3087
4 2886
4 2894
4 3018
4 2866
3 2860
4 2879
3 2754
4 2992
4 3019
4 2959
3 2858
4 2779
5 2980
3 2809
4 2945
3 2798
4 2961
5 3057
