3 700
3 706
3 677
3 695
3 725
3 722
3 687
3 684
3 672
3 702
3 721
3 683
3 671
3 662
3 623
3 710
3 651
3 673
3 644
3 644
3 633
3 667
4 736
3 696
3 687
3 667
3 721
3 702
3 648
3 660
3 697
3 631
3 667
3 668
3 698
3 664
3 712
3 684
3 675
3 717
3 725
3 702
3 747
3 692
3 721
3 701
3 681
3 595
3 702
3 662
3 729
3 688
3 731
3 684
3 670
3 683
3 676
3 651
3 618
3 714
3 692
3 710
3 646
3 677
3 694
3 702
3 707
3 633
3 684
3 710
3 698
3 700
3 695
3 686
3 700
3 693
3 739
3 692
3 720
3 683
3 699
3 703
3 685
3 709
3 698
3 677
3 689
3 677
3 706
3 662
3 601
3 685
3 699
3 651
3 709
3 706
3 679
3 705
3 648
3 659
3 670
3 696
3 703
3 704
3 654
3 638
3 649
3 658
3 670
3 639
3 626
3 712
3 644
3 701
3 730
3 694
3 682
3 626
3 681
3 701
3 691
3 660
3 681
3 704
3 664
3 682
3 688
3 661
3 633
3 703
3 690
3 661
3 685
3 693
3 707
4 774
3 757
3 676
3 685
3 694
3 708
3 695
3 688
3 664
3 708
3 691
3 703
3 668
3 665
3 634
3 708
3 708
3 663
3 704
3 669
3 655
3 671
3 688
3 672
3 680
3 674
3 708
3 701
3 666
3 676
3 684
3 678
3 667
3 643
3 637
3 630
3 664
3 726
3 719
3 664
3 698
3 726
3 699
3 664
3 748
3 670
3 658
3 677
3 606
3 726
3 695
3 683
3 706
3 689
3 688
3 712
4 694
3 733
3 727
3 693
3 712
3 712
3 715
3 693
3 712
3 714
3 671
3 710
3 705
3 686
3 661
3 749
3 631
3 692
3 697
3 657
3 743
3 678
3 706
3 708
3 700
3 778
3 660
3 674
3 702
3 676
3 697
3 724
3 687
3 702
3 699
3 639
3 687
3 700
3 670
3 661
3 651
3 706
3 680
3 639
3 691
3 674
3 705
3 653
3 647
3 660
3 689
3 717
3 685
3 708
3 698
3 625
3 686
3 694
3 641
3 668
3 699
3 688
3 695
3 640
3 710
3 706
3 681
3 687
3 716
3 686
3 625
3 703
3 722
3 698
3 652
3 684
3 697
3 723
3 685
3 678
3 632
3 707
3 744
3 715
3 728
3 679
3 694
3 729
3 628
3 710
3 668
3 633
3 679
3 716
3 724
3 576
3 725
3 667
3 645
3 705
3 661
3 702
3 717
3 738
3 625
3 688
3 653
3 661
3 683
3 691
3 743
3 690
3 716
3 656
3 667
3 780
3 665
3 710
3 657
3 673
3 684
3 673
3 703
3 623
3 623
3 694
3 655
4 718
3 704
3 756
3 662
3 692
3 699
3 704
3 727
3 697
3 704
3 706
3 677
3 715
3 689
3 720
3 640
3 665
4 778
3 695
3 720
3 681
3 703
3 669
3 675
3 736
3 680
3 699
3 733
3 716
3 643
3 699
3 685
3 711
3 704
3 694
3 703
3 659
3 664
3 688
3 680
3 725
3 754
3 672
3 666
3 704
3 724
3 694
3 693
3 688
3 637
3 706
3 638
3 679
3 730
3 646
3 678
3 616
3 698
3 677
3 720
3 629
3 704
3 643
3 678
3 700
3 713
3 676
3 675
3 697
3 718
3 653
3 683
3 659
3 706
3 701
3 632
3 685
3 674
3 705
3 643
3 649
3 698
3 689
3 654
3 671
3 661
3 725
3 705
3 657
3 690
3 655
3 660
3 702
3 684
3 666
3 706
3 642
3 693
3 723
3 688
3 646
3 683
3 679
3 690
3 692
3 683
3 698
3 677
3 654
3 702
3 670
3 634
3 740
3 696
3 700
3 686
3 650
3 677
3 701
3 662
3 679
3 692
3 683
3 663
3 675
3 659
3 683
3 708
3 669
3 675
3 599
3 614
3 721
3 681
3 693
3 676
3 603
3 670
3 681
3 681
3 697
3 716
3 698
3 689
3 713
3 635
3 656
3 693
3 681
3 672
4 751
3 673
3 623
4 755
3 722
3 691
3 673
3 637
3 668
3 649
3 716
3 684
3 714
3 690
3 669
3 701
3 719
3 721
3 641
3 702
3 695
3 687
3 669
3 677
3 705
3 660
3 680
3 694
3 666
3 701
3 710
3 685
3 684
3 644
3 704
3 729
3 704
3 690
3 646
3 661
3 707
4 785
3 657
3 661
3 632
3 668
3 733
3 701
3 687
3 701
3 727
3 627
3 691
3 701
3 622
3 681
3 673
3 675
3 699
3 668
3 670
3 670
3 708
3 702
3 694
3 685
3 657
3 646
3 631
3 640
3 679
3 684
3 694
3 674
3 700
3 676
3 726
3 693
3 662
3 684
3 680
3 671
3 731
3 633
3 706
3 631
3 631
3 698
3 678
3 707
3 665
3 657
3 683
3 702
3 694
3 663
3 671
3 648
3 690
3 686
3 637
3 668
3 624
3 703
3 672
3 688
3 694
3 687
3 657
3 688
3 674
3 609
3 687
3 686
3 709
3 644
3 714
3 684
3 711
3 725
3 645
3 703
3 646
3 701
3 689
3 671
3 678
3 695
3 700
3 670
3 689
3 711
3 708
3 710
3 702
3 687
3 694
3 688
3 651
3 674
3 702
3 658
3 674
3 733
3 699
3 714
3 689
3 655
3 668
3 728
3 718
3 700
3 641
3 702
3 684
3 647
3 683
3 712
3 663
3 708
3 668
3 662
3 729
3 743
3 659
3 670
3 697
3 694
3 673
3 696
3 673
3 701
3 710
3 671
3 707
3 696
3 760
3 683
3 629
3 677
3 687
3 723
3 676
3 658
3 630
3 686
3 680
3 674
3 630
3 658
3 746
3 692
3 715
3 670
3 687
3 741
3 664
3 697
3 703
3 609
3 635
3 701
3 687
3 747
3 674
3 687
3 714
3 710
3 677
3 655
3 678
3 654
3 701
3 629
3 658
3 682
3 706
3 628
3 711
3 664
3 676
3 672
3 693
3 697
3 715
3 699
3 630
3 682
3 669
3 651
3 670
3 643
3 658
3 767
3 698
3 687
3 699
3 727
3 693
3 690
3 673
3 669
3 720
3 688
3 701
3 680
3 634
3 684
3 697
3 656
3 697
3 619
3 738
3 703
3 723
3 721
3 736
3 703
3 681
3 716
3 683
3 686
3 724
3 664
3 710
3 636
3 723
3 647
3 689
3 658
3 693
3 657
3 683
3 659
3 691
3 664
3 705
3 725
3 674
3 687
3 759
3 671
3 681
3 710
3 748
3 741
3 646
3 682
3 644
3 661
3 735
3 691
4 694
3 682
3 669
3 673
3 729
3 678
3 703
3 713
3 765
3 660
3 612
3 692
3 709
3 622
3 652
3 663
3 650
3 685
3 626
3 730
3 685
3 660
3 687
3 683
3 700
3 696
3 677
3 777
3 671
3 663
3 701
4 770
3 676
3 664
3 677
3 678
3 695
3 695
3 690
3 691
3 702
3 665
3 666
3 689
3 691
3 706
3 684
3 665
3 678
3 678
3 702
3 694
3 723
3 651
3 740
3 628
4 752
3 677
3 665
3 707
3 690
3 678
3 668
3 690
3 695
3 644
3 678
3 655
3 677
3 728
3 675
3 615
3 670
4 794
3 686
3 680
3 683
3 706
3 690
3 678
3 646
3 730
3 693
3 661
3 668
3 736
3 738
3 687
3 674
3 698
3 710
3 719
3 673
3 653
3 646
3 699
3 694
3 698
3 672
3 682
3 688
3 673
3 691
3 693
3 684
3 670
3 691
3 692
3 639
3 636
3 726
3 694
3 669
3 683
3 651
4 749
3 694
3 692
3 678
3 715
3 661
3 671
3 701
3 718
3 646
3 679
3 699
3 654
3 752
3 703
3 664
3 679
3 670
3 662
3 735
3 661
3 665
3 673
3 672
3 633
3 686
3 690
3 655
3 683
3 682
3 689
3 690
3 706
3 656
3 642
3 738
3 624
3 708
3 680
3 703
3 668
3 630
3 678
3 683
3 759
3 691
3 659
3 680
3 673
3 691
3 674
3 687
3 676
3 670
3 654
3 678
3 675
3 659
3 676
3 678
3 666
3 685
3 683
3 672
3 666
3 712
3 707
3 630
3 698
3 656
3 735
3 714
3 660
3 691
3 670
3 678
3 666
3 620
3 681
3 684
3 699
3 622
3 608
3 665
3 727
3 659
3 702
3 681
3 674
3 700
3 691
3 718
3 678
3 655
3 703
3 636
3 688
3 670
3 625
3 696
3 678
3 635
3 677
3 702
3 675
3 697
3 655
3 660
3 663
3 711
3 643
3 639
3 686
3 685
3 695
3 694
3 722
3 686
3 691
3 691
3 730
3 659
3 678
3 642
3 652
