3 471
3 466
3 454
3 456
3 515
3 466
3 425
3 449
3 430
3 434
3 409
3 438
3 459
2 394
3 475
2 388
3 439
2 390
3 426
3 486
3 432
2 407
3 479
3 413
3 453
2 402
3 437
3 463
3 429
2 386
3 427
3 454
3 444
3 423
3 426
3 464
2 425
3 403
3 419
2 393
3 437
2 399
3 443
3 440
2 384
2 390
3 443
2 394
2 403
3 434
2 400
3 445
3 475
3 450
3 417
3 466
2 405
3 469
3 432
2 386
3 479
2 384
3 422
2 413
3 406
2 399
2 391
3 472
2 386
3 437
3 475
3 419
3 440
3 434
3 430
2 386
3 484
2 397
3 425
3 446
3 448
2 392
3 412
3 470
3 442
2 401
2 387
2 392
3 462
2 395
3 465
3 414
3 431
2 410
2 411
3 461
3 462
3 433
3 534
3 473
3 442
2 377
3 506
3 522
3 421
3 449
2 390
3 430
3 428
3 468
3 424
3 427
2 401
3 427
3 432
2 390
2 382
3 409
3 459
2 433
3 432
2 395
3 440
2 424
3 478
3 466
3 428
3 452
2 388
3 449
3 459
2 397
3 437
3 480
3 467
2 397
3 433
2 414
3 415
3 431
3 432
3 453
3 447
3 423
2 391
3 432
3 432
3 439
2 400
3 445
2 399
3 442
2 386
2 405
3 432
3 503
2 394
3 454
3 447
3 446
2 404
2 398
2 388
3 445
3 420
3 458
2 408
3 428
3 428
3 454
3 436
2 403
3 435
3 445
3 487
3 416
2 404
3 468
3 422
2 409
3 445
2 394
2 379
3 432
3 437
3 453
3 468
2 399
3 430
3 414
2 391
2 398
3 433
3 435
3 479
3 457
3 468
3 424
3 455
2 404
2 396
3 443
3 494
3 424
3 426
2 395
2 394
2 417
3 437
3 439
3 455
3 439
3 445
3 433
3 428
3 444
2 395
3 460
3 442
2 408
3 420
3 472
3 471
3 439
3 465
3 439
3 425
3 444
2 388
2 398
3 428
2 398
3 448
2 395
3 456
3 421
3 418
2 416
2 409
3 463
3 445
3 485
3 427
2 411
3 457
3 464
2 405
2 391
3 477
2 377
3 401
3 461
3 456
3 465
2 381
2 388
3 435
3 476
3 495
2 393
2 394
3 430
2 441
3 433
3 415
3 443
3 426
3 410
2 402
3 436
3 433
3 452
3 449
3 440
3 430
3 508
3 452
3 494
3 450
3 459
2 390
3 480
2 406
3 447
3 457
3 448
3 446
3 440
2 383
3 460
3 425
3 439
2 406
3 442
2 411
2 379
3 453
3 431
3 460
3 447
3 457
3 437
3 445
2 403
3 431
3 449
2 399
3 436
3 414
2 434
3 459
2 403
2 416
2 391
3 455
3 435
3 450
3 430
3 470
2 415
2 393
3 443
3 435
3 433
3 482
3 482
3 436
3 465
3 441
2 399
2 398
3 443
3 432
3 435
3 452
2 400
3 448
3 421
3 483
2 393
3 444
3 482
3 430
3 425
3 449
3 433
3 485
3 470
3 441
3 433
3 489
3 450
2 392
3 424
3 466
3 467
3 459
3 423
3 452
3 439
3 443
3 443
3 421
3 479
2 398
3 483
3 429
3 409
3 493
3 458
3 442
3 444
3 473
2 397
3 447
3 461
3 437
2 406
2 401
3 425
2 395
3 454
3 465
3 408
2 390
2 381
3 433
3 464
2 390
3 428
2 388
3 442
3 472
3 470
3 485
2 394
2 414
2 378
3 437
3 474
2 409
3 465
2 407
2 395
3 489
2 413
3 439
3 426
3 447
3 455
3 438
3 438
3 419
3 469
3 439
2 403
3 450
3 439
3 426
2 388
3 460
2 393
3 441
2 395
3 451
3 434
3 409
3 411
3 430
2 390
3 440
3 427
2 378
3 416
3 433
3 450
3 421
3 427
3 448
2 395
3 454
3 429
2 403
3 432
3 468
3 459
3 427
3 435
3 484
2 390
3 431
3 409
3 435
3 473
3 444
3 435
3 465
3 438
3 463
3 434
3 460
3 432
3 455
3 457
3 473
3 465
3 530
3 484
2 394
2 409
3 467
3 445
3 443
3 417
3 441
3 452
3 436
3 442
2 376
3 437
3 452
2 402
3 421
3 444
3 467
3 487
3 477
3 413
3 441
3 485
3 411
2 387
3 451
2 389
3 459
3 424
3 448
3 492
2 393
3 498
3 419
3 436
3 497
3 473
3 393
3 448
3 449
3 480
3 421
3 425
2 383
3 430
3 443
2 397
3 467
3 463
2 425
3 424
2 385
2 399
3 431
3 440
2 391
3 446
3 449
3 460
3 440
2 398
2 389
2 383
3 422
3 454
3 448
3 454
3 428
3 441
3 440
3 442
3 472
2 400
3 427
2 410
3 462
2 384
3 482
3 408
3 466
3 475
3 441
3 426
2 398
3 503
3 495
3 465
3 452
3 440
2 397
3 439
3 443
3 439
3 449
3 440
3 446
3 461
3 473
3 447
2 397
3 458
3 457
2 411
3 430
3 479
3 420
3 473
2 384
2 395
3 458
3 432
3 503
3 426
2 412
3 439
3 509
3 466
2 395
2 385
3 439
2 403
3 439
3 420
3 436
3 442
2 409
3 422
3 448
3 457
3 477
3 469
2 385
3 447
3 435
3 454
3 449
3 462
2 404
3 438
3 469
2 406
2 390
3 449
3 419
2 411
3 457
3 442
3 455
3 437
2 398
3 426
3 477
2 425
2 398
3 463
3 435
3 431
3 508
2 399
2 390
3 445
3 419
2 410
2 401
3 445
3 436
3 444
3 472
2 403
2 402
3 471
3 456
3 471
3 498
3 418
2 382
3 439
3 474
2 429
2 401
3 426
3 450
2 392
3 473
3 442
3 413
3 447
3 417
3 442
3 463
3 415
3 434
3 432
3 455
3 492
3 457
3 426
3 441
3 429
3 483
3 452
3 455
3 438
3 450
3 431
3 448
3 413
2 384
3 456
2 402
3 458
3 432
3 448
2 388
3 441
3 448
3 410
3 442
2 394
3 429
3 443
2 386
2 381
3 466
2 391
2 380
3 455
2 400
3 443
2 394
3 483
3 479
2 414
3 428
3 434
3 452
3 441
3 433
3 454
3 490
3 428
2 404
3 445
3 443
2 388
2 407
3 424
2 387
2 391
3 488
3 439
3 475
3 451
3 426
3 467
3 425
3 441
3 436
2 422
3 453
3 458
2 445
2 405
3 449
3 434
3 422
3 491
3 450
3 486
3 418
3 444
3 450
3 472
3 415
3 425
3 476
3 427
3 435
2 391
2 411
3 437
3 460
3 446
3 427
2 402
3 430
2 390
2 426
3 417
3 429
2 390
3 427
2 384
3 428
2 408
2 395
3 441
2 388
2 403
2 378
3 472
3 484
2 398
3 437
2 396
3 430
3 431
3 455
2 387
2 415
3 425
3 447
3 458
3 444
2 382
3 444
3 433
3 422
2 397
3 452
3 418
3 414
3 447
3 454
3 412
2 413
3 415
3 445
2 424
2 400
2 376
2 403
2 402
3 445
3 414
2 417
3 451
3 429
2 394
2 384
3 448
3 449
3 429
3 437
3 491
2 402
3 462
3 410
3 435
3 478
3 437
3 427
3 401
3 443
3 494
3 428
3 482
3 447
2 414
3 440
3 432
2 409
3 427
3 461
3 442
3 458
3 439
3 428
2 411
2 407
2 403
3 437
3 444
3 453
3 439
3 431
3 453
3 467
2 394
3 436
3 455
3 459
3 444
3 458
3 520
3 473
2 406
2 389
3 422
3 442
3 452
3 436
3 446
2 405
3 446
3 428
3 418
3 481
3 434
3 453
2 397
3 434
3 440
3 427
2 411
3 432
3 444
3 446
3 428
2 383
2 389
2 377
3 442
2 400
3 436
2 392
2 429
3 428
3 429
3 469
3 424
3 459
3 426
2 433
2 386
3 447
3 443
3 436
2 399
3 487
3 462
3 415
3 504
3 449
3 426
3 504
3 462
2 397
3 444
3 435
2 392
2 392
3 455
3 441
3 464
3 429
3 482
3 491
3 430
3 408
2 413
3 440
3 456
2 391
3 447
3 448
2 395
3 447
2 409
2 407
3 436
3 501
3 441
3 448
2 388
3 450
3 473
3 434
3 483
3 454
3 424
3 485
3 437
2 404
3 430
2 410
3 429
3 432
3 442
2 393
3 452
3 451
3 455
3 465
2 420
2 406
3 431
2 421
3 462
3 452
2 389
2 396
3 510
3 430
3 441
3 490
3 445
3 471
3 462
3 465
3 455
3 439
3 442
3 481
2 412
3 472
3 433
3 433
3 488
3 436
3 458
2 394
3 465
2 397
2 411
3 430
3 468
3 473
3 430
3 461
3 416
2 392
3 456
3 448
3 423
3 475
3 497
3 457
3 422
3 450
3 457
3 469
2 412
