3 2569
2 2616
3 2785
2 2542
3 2815
3 2684
2 2545
2 2601
3 2707
2 2528
2 2537
2 2538
2 2538
2 2518
3 2700
3 2804
2 2536
2 2589
2 2576
2 2511
2 2616
2 2578
2 2550
2 2520
3 2740
3 2580
2 2580
2 2564
2 2605
3 2798
2 2585
3 2719
3 2672
3 2643
3 2799
3 2722
2 2609
2 2587
3 2695
2 2571
2 2582
3 2657
2 2575
3 2760
3 2690
2 2575
3 2685
2 2533
2 2586
2 2568
2 2568
3 2642
2 2568
3 2614
2 2541
2 2526
3 2576
3 2695
3 2620
3 2718
2 2616
2 2609
3 2701
3 2675
2 2563
2 2594
2 2645
3 2821
2 2621
3 2714
2 2595
2 2623
3 2680
2 2618
2 2550
2 2619
3 2646
2 2644
2 2557
2 2552
3 2686
2 2522
3 2686
3 2623
3 2676
2 2556
3 2684
2 2618
3 2677
3 2708
3 2762
2 2527
3 2672
3 2707
2 2542
3 2699
3 2707
2 2594
2 2544
2 2535
3 2859
3 2697
2 2578
3 2726
3 2734
2 2546
3 2658
3 2556
2 2562
2 2553
2 2592
2 2529
2 2569
2 2526
2 2559
3 2854
2 2512
3 2679
3 2787
3 2862
2 2571
2 2575
3 2789
2 2585
2 2606
2 2571
2 2535
2 2545
3 2834
2 2603
2 2561
2 2527
2 2514
3 2718
2 2629
3 2768
3 2707
2 2566
3 2714
3 2738
3 2688
2 2527
2 2558
3 2622
2 2549
2 2548
2 2576
2 2537
2 2527
3 2664
2 2632
3 2787
3 2706
3 2656
3 2806
2 2588
2 2542
2 2517
2 2546
3 2756
3 2807
3 2699
3 2845
2 2530
3 2719
2 2508
3 2676
3 2714
2 2579
2 2589
3 2640
2 2551
3 2656
2 2582
3 2778
2 2589
2 2563
2 2561
2 2566
2 2547
2 2583
3 2714
3 2794
2 2517
3 2548
2 2587
3 2703
3 2723
2 2568
3 2675
2 2526
3 2609
3 2684
2 2590
3 2638
2 2512
3 2660
2 2551
2 2537
2 2588
2 2582
3 2793
2 2655
2 2551
2 2595
2 2506
2 2589
2 2552
2 2614
2 2578
2 2598
2 2651
3 2645
2 2613
2 2526
2 2580
2 2617
2 2684
3 2652
2 2538
3 2697
3 2714
3 2812
2 2610
3 2643
2 2639
2 2540
2 2515
2 2630
3 2629
2 2559
3 2671
2 2661
2 2615
3 2596
2 2521
2 2554
3 2827
3 2855
2 2585
2 2551
2 2562
2 2623
2 2579
2 2527
2 2583
3 2689
2 2568
3 2754
2 2530
3 2679
3 2706
2 2577
3 2718
3 2699
2 2596
2 2555
2 2545
3 2666
3 2749
3 2738
2 2526
3 2706
3 2718
3 2727
2 2593
3 2729
2 2537
2 2581
2 2598
2 2577
2 2553
3 2558
3 2694
3 2674
2 2546
3 2618
2 2521
2 2545
2 2674
3 2587
3 2613
3 2755
2 2558
2 2631
2 2614
3 2681
2 2509
2 2548
2 2617
3 2727
3 2566
2 2582
2 2565
2 2600
3 2761
3 2583
2 2554
3 2680
3 2814
3 2744
2 2564
2 2553
2 2520
2 2570
3 2574
2 2538
2 2591
2 2618
2 2548
3 2808
2 2542
2 2569
2 2564
2 2545
3 2637
2 2588
2 2583
3 2699
3 2775
3 2811
2 2582
3 2740
3 2611
2 2569
3 2750
2 2534
3 2734
3 2596
2 2516
2 2554
3 2708
2 2561
2 2537
3 2686
2 2530
3 2645
3 2697
3 2694
3 2685
2 2533
3 2613
2 2583
2 2607
2 2581
2 2549
2 2579
3 2774
3 2750
2 2543
3 2764
3 2841
2 2527
2 2561
3 2683
3 2647
3 2666
3 2816
2 2515
2 2547
2 2540
3 2652
2 2536
3 2659
2 2605
3 2727
2 2507
2 2610
2 2566
2 2558
2 2527
3 2575
3 2687
2 2569
3 2645
3 2804
2 2519
3 2704
3 2737
2 2526
2 2576
3 2619
3 2689
2 2527
2 2532
2 2579
2 2521
2 2567
3 2838
2 2602
3 2640
2 2577
2 2571
3 2561
2 2522
2 2499
2 2569
2 2583
3 2777
3 2705
2 2577
3 2724
3 2587
2 2665
3 2804
2 2530
2 2557
3 2750
3 2745
3 2803
3 2799
3 2670
2 2529
2 2626
3 2727
2 2593
2 2559
3 2550
3 2771
2 2574
3 2569
3 2768
2 2622
3 2796
3 2692
2 2544
3 2708
3 2726
3 2581
2 2514
2 2566
3 2860
2 2595
2 2600
2 2584
2 2565
3 2560
2 2604
3 2668
2 2611
3 2688
3 2634
2 2591
2 2548
3 2625
3 2643
3 2710
2 2615
3 2839
2 2598
3 2590
3 2682
3 2652
2 2569
2 2533
2 2625
3 2632
2 2554
3 2591
2 2551
3 2697
2 2543
2 2555
2 2591
3 2588
3 2750
3 2856
2 2593
2 2534
2 2603
2 2615
3 2687
2 2609
2 2575
3 2696
2 2642
2 2645
3 2724
3 2689
2 2534
2 2599
2 2567
3 2667
2 2546
3 2824
2 2570
2 2558
3 2810
2 2549
2 2598
2 2521
2 2601
3 2713
3 2774
2 2529
2 2524
2 2647
2 2617
2 2537
3 2706
2 2539
2 2524
2 2544
3 2795
3 2649
2 2592
2 2603
2 2589
2 2542
2 2524
3 2672
3 2734
3 2757
2 2539
3 2803
2 2539
2 2570
2 2529
3 2604
2 2575
2 2573
2 2617
2 2669
3 2752
2 2630
2 2517
2 2523
2 2533
2 2538
2 2550
2 2565
2 2553
3 2776
3 2680
2 2579
2 2582
2 2527
2 2578
3 2566
3 2682
3 2688
3 2748
2 2520
3 2787
2 2601
2 2544
2 2541
3 2650
3 2708
2 2516
3 2691
3 2836
2 2576
2 2595
2 2562
3 2682
4 2709
3 2559
2 2605
3 2771
2 2548
2 2561
2 2501
2 2597
2 2590
2 2570
2 2540
2 2577
2 2518
3 2668
3 2685
2 2609
3 2735
2 2570
3 2709
2 2599
2 2560
3 2640
2 2551
2 2582
2 2626
2 2577
3 2691
3 2734
2 2537
2 2618
2 2573
3 2685
3 2696
2 2653
3 2689
2 2553
2 2580
2 2516
2 2545
2 2564
3 2672
2 2533
2 2605
2 2582
3 2658
2 2574
2 2606
3 2693
3 2767
2 2594
2 2564
3 2661
3 2731
2 2517
2 2631
2 2577
3 2779
2 2610
3 2702
2 2585
3 2659
2 2602
2 2526
2 2574
2 2549
2 2525
2 2568
3 2738
2 2592
3 2589
2 2529
2 2575
3 2581
2 2509
2 2565
3 2717
2 2553
3 2610
3 2731
2 2546
2 2595
3 2656
2 2568
3 2810
2 2604
2 2572
3 2685
3 2671
2 2583
3 2657
3 2768
3 2527
2 2554
3 2705
2 2517
2 2532
3 2723
3 2680
3 2674
3 2739
3 2538
3 2675
2 2571
2 2558
3 2595
3 2682
3 2658
2 2597
3 2698
3 2740
3 2622
2 2650
2 2612
3 2725
3 2709
2 2515
2 2514
2 2574
2 2546
2 2553
2 2527
2 2530
2 2567
2 2564
3 2637
2 2588
2 2588
3 2723
3 2717
3 2562
2 2568
2 2632
3 2703
3 2687
3 2790
2 2561
3 2778
2 2660
3 2698
2 2535
2 2610
2 2572
2 2589
3 2707
2 2554
2 2514
3 2700
2 2540
2 2526
2 2571
2 2561
3 2773
2 2535
2 2588
3 2710
3 2726
2 2521
2 2504
2 2621
2 2548
3 2675
2 2536
2 2525
2 2566
3 2728
2 2555
2 2562
3 2637
2 2562
2 2612
3 2676
3 2779
3 2725
3 2673
2 2536
3 2632
3 2653
3 2771
2 2521
2 2646
3 2737
2 2612
2 2547
2 2536
3 2704
2 2543
2 2585
2 2575
2 2570
2 2612
2 2565
2 2602
3 2560
3 2664
2 2636
2 2600
2 2594
2 2531
2 2618
2 2592
2 2589
3 2701
3 2681
2 2527
3 2746
2 2557
3 2715
2 2582
3 2817
3 2568
3 2647
3 2792
3 2645
3 2805
2 2548
3 2845
2 2657
2 2567
2 2567
2 2563
2 2621
3 2709
2 2600
3 2653
3 2578
2 2575
3 2835
2 2580
2 2559
2 2613
3 2763
2 2580
3 2721
2 2551
3 2746
2 2608
3 2772
2 2541
3 2658
3 2606
2 2527
2 2599
2 2584
2 2554
2 2561
3 2690
3 2864
2 2571
3 2862
2 2598
2 2562
2 2600
3 2609
2 2615
2 2551
2 2510
3 2611
2 2604
2 2541
2 2608
3 2660
2 2612
2 2552
3 2789
3 2654
2 2548
3 2754
3 2853
2 2557
2 2528
2 2574
3 2676
2 2615
2 2529
2 2573
3 2642
2 2599
3 2633
2 2629
2 2617
3 2647
3 2678
3 2606
3 2577
3 2810
2 2539
2 2565
3 2705
2 2567
3 2782
2 2540
3 2648
2 2561
3 2791
3 2768
3 2788
3 2676
3 2568
2 2585
3 2776
3 2668
3 2756
2 2626
2 2584
2 2550
2 2584
3 2697
2 2587
2 2628
3 2625
2 2611
2 2525
3 2633
2 2576
2 2667
3 2587
2 2592
2 2542
3 2700
3 2602
3 2688
2 2532
2 2513
3 2709
3 2551
2 2570
2 2586
2 2521
2 2554
2 2613
3 2630
2 2553
3 2690
2 2607
2 2573
3 2851
3 2717
2 2549
2 2535
2 2535
3 2694
3 2676
2 2583
3 2729
3 2689
2 2607
3 2522
2 2527
2 2534
3 2711
2 2535
3 2839
3 2744
2 2547
2 2503
2 2646
3 2708
3 2775
3 2820
2 2618
3 2733
2 2555
2 2575
3 2780
2 2569
2 2569
3 2688
2 2607
2 2527
3 2808
2 2520
3 2730
3 2642
2 2530
2 2632
2 2627
3 2809
3 2787
3 2643
3 2810
2 2556
2 2627
2 2537
2 2586
2 2527
3 2670
3 2821
3 2723
3 2677
2 2553
3 2713
3 2719
2 2523
2 2555
3 2676
2 2572
2 2626
2 2568
2 2588
3 2790
3 2800
3 2571
3 2573
2 2524
2 2573
3 2679
2 2553
3 2788
3 2649
3 2850
2 2537
2 2560
3 2782
2 2547
3 2842
2 2560
2 2522
2 2600
2 2618
2 2537
3 2813
2 2533
2 2598
2 2575
2 2555
3 2757
2 2537
2 2505
2 2578
2 2548
2 2558
2 2551
2 2555
2 2647
3 2834
2 2542
2 2583
2 2547
3 2553
2 2567
2 2529
3 2692
2 2531
3 2720
