6 3688
7 3733
6 3489
7 3907
5 3572
7 3628
5 3438
4 3255
5 3529
5 3690
5 3456
6 3358
6 3525
5 3509
5 3644
5 3450
4 3446
7 3474
6 3445
6 3446
4 3328
5 3401
7 3626
5 3453
6 3449
6 3595
5 3427
5 3481
6 3544
5 3577
5 3414
5 3349
5 3410
5 3493
8 3828
5 3355
6 3608
5 3589
5 3388
6 3707
6 3647
4 3285
6 3647
6 3338
5 3487
6 3592
5 3543
5 3360
5 3458
6 3557
5 3606
5 3574
7 3637
6 3755
5 3488
5 3597
6 3499
7 3799
5 3413
6 3653
5 3380
5 3516
5 3364
5 3243
6 3606
5 3505
4 3417
5 3431
5 3467
5 3474
6 3712
5 3348
4 3315
6 3508
6 3524
6 3528
6 3484
5 3377
5 3393
5 3365
5 3569
6 3530
5 3452
5 3390
5 3446
7 3787
5 3581
8 3788
5 3520
6 3440
5 3478
5 3512
7 3593
5 3334
4 3346
5 3311
6 3539
6 3392
5 3517
