6 3432
7 3433
7 3338
4 3232
4 3316
6 3342
4 3222
6 3346
6 3439
5 3289
5 3427
6 3432
4 3231
5 3101
5 3491
5 3368
6 3322
4 3083
5 3256
4 3144
5 3305
5 3311
6 3581
5 3248
5 3238
4 3085
6 3402
5 3349
4 3420
4 3031
5 3279
6 3348
5 3381
4 3294
5 3419
6 3530
4 3265
7 3491
5 3270
5 3511
5 3195
6 3457
6 3356
4 3236
4 3115
5 3188
5 3373
6 3349
6 3399
5 3435
5 3241
5 3461
5 3344
5 3388
8 3637
5 3285
5 3346
5 3393
6 3455
5 3430
5 3372
5 3509
5 3303
5 3280
5 3279
5 3429
7 3636
6 3325
7 3481
5 3246
5 3064
5 3377
5 3470
5 3448
4 3193
5 3421
6 3297
6 3474
4 3155
5 3294
6 3338
4 3186
4 3171
5 3334
6 3336
5 3277
5 3175
4 3350
4 3141
6 3349
5 3342
5 3381
5 3238
5 3352
5 3462
5 3361
5 3256
5 3148
5 3269
