5 3370
6 3506
5 3509
5 3472
4 3287
6 3584
5 3380
5 3503
6 3523
6 3479
6 3490
4 3277
5 3300
5 3601
6 3400
6 3458
5 3355
4 3429
5 3343
6 3344
7 3539
4 3362
5 3319
5 3410
5 3350
5 3552
5 3336
5 3354
5 3445
5 3503
5 3333
5 3298
5 3309
5 3528
7 3641
6 3432
5 3343
5 3535
5 3315
5 3540
5 3326
6 3541
5 3302
5 3345
5 3373
6 3420
6 3312
5 3477
5 3466
4 3287
5 3408
6 3510
5 3361
5 3361
6 3454
5 3418
4 3376
5 3294
5 3320
6 3468
5 3448
6 3455
5 3343
6 3529
6 3477
6 3544
4 3268
5 3341
6 3505
5 3311
5 3497
7 3710
5 3419
4 3285
7 3471
5 3476
5 3371
5 3499
4 3334
5 3461
6 3505
5 3333
4 3405
6 3493
5 3409
5 3404
6 3500
5 3518
4 3330
5 3138
5 3506
6 3268
4 3452
5 3306
5 3357
4 3308
5 3338
6 3564
5 3318
