3 436
2 325
2 322
2 327
2 330
2 326
2 332
3 411
2 351
2 343
2 341
2 324
2 344
2 333
2 334
2 369
2 353
2 351
2 338
2 383
2 349
2 330
3 371
3 385
2 370
2 324
2 341
2 350
2 330
2 342
2 337
2 360
2 325
2 367
3 413
2 329
2 345
2 329
3 437
2 331
2 325
2 340
2 342
2 332
2 339
2 340
2 342
2 336
2 343
2 382
3 400
2 375
3 392
2 353
2 339
2 328
2 329
2 363
3 389
2 337
2 371
2 343
2 351
2 337
2 330
2 335
2 330
2 330
2 348
2 345
2 337
2 336
2 346
2 345
2 326
2 334
2 356
2 354
2 381
2 337
2 380
2 346
2 328
3 431
2 330
2 341
2 332
2 345
2 357
2 378
2 329
3 391
2 337
2 327
2 377
2 344
2 337
2 344
3 361
2 330
2 347
2 342
2 330
2 342
2 345
2 339
2 337
2 342
2 346
2 366
2 332
2 334
2 345
2 338
2 343
2 370
2 339
2 330
2 339
2 329
2 342
3 425
2 354
3 388
2 330
2 355
2 307
2 335
3 389
2 339
2 334
2 355
2 333
2 339
2 327
2 348
2 340
2 331
2 314
2 332
3 431
3 396
2 349
2 369
2 333
2 327
2 351
2 334
2 337
2 330
3 386
2 352
2 328
2 330
2 337
2 325
2 340
2 330
2 312
3 361
2 385
2 343
2 324
2 319
2 325
2 373
2 359
2 320
2 326
3 389
2 347
2 320
2 328
2 347
2 324
3 421
2 341
2 330
2 345
3 429
2 361
2 328
3 440
2 324
2 332
2 323
2 336
3 468
2 314
2 316
2 335
2 330
2 330
2 329
2 318
2 346
2 320
2 362
2 324
3 385
2 316
3 424
2 335
2 331
2 347
2 335
2 325
3 392
2 322
2 356
2 324
3 437
2 322
2 325
2 310
2 317
2 332
2 320
2 352
2 326
2 318
2 337
2 339
2 340
2 317
3 381
2 328
2 333
3 394
2 322
2 323
2 311
2 337
2 385
2 337
2 312
2 324
2 326
2 327
2 325
2 335
2 337
3 418
2 341
3 361
2 335
2 357
2 352
2 307
2 349
3 386
2 371
2 347
2 332
2 322
2 355
2 336
2 325
3 413
2 335
2 329
2 338
3 383
2 345
3 395
2 324
2 332
2 326
2 332
2 326
2 334
2 324
2 335
2 334
2 327
2 348
3 398
2 340
2 324
2 354
2 331
2 338
2 369
2 339
2 331
2 337
2 308
2 341
2 338
3 437
2 355
2 332
2 334
2 333
2 332
2 327
3 397
2 353
2 331
2 349
2 329
2 329
2 336
2 341
2 344
2 347
2 342
2 338
2 343
3 365
2 340
3 409
3 383
2 353
3 387
2 372
2 321
2 361
2 350
2 344
2 338
2 358
2 333
2 348
2 337
2 344
2 332
2 327
2 338
2 334
2 325
3 397
3 402
2 334
2 328
2 334
2 334
2 337
2 350
2 338
2 366
2 330
2 336
2 339
3 364
2 313
2 340
3 362
2 330
2 346
2 350
2 335
2 332
2 329
2 351
2 332
2 361
2 326
2 327
2 344
2 313
2 337
2 324
2 325
2 353
2 335
2 336
2 314
2 329
2 337
2 333
2 336
2 333
2 339
2 350
2 354
2 341
2 346
2 341
2 328
2 362
2 337
2 345
3 399
3 420
2 346
2 360
2 343
2 339
2 334
2 353
2 330
2 350
2 334
2 326
2 330
2 371
2 332
2 349
2 344
2 327
2 355
2 375
2 338
2 346
2 388
2 346
2 343
2 355
2 347
2 344
2 343
2 334
2 344
2 343
2 346
2 366
2 382
2 331
2 340
2 361
2 370
3 377
2 350
2 348
2 350
2 342
2 325
2 331
2 313
2 341
2 344
2 375
2 336
2 355
2 333
2 318
2 320
2 353
2 371
2 325
2 343
3 355
2 323
2 329
2 345
2 342
2 344
2 352
2 340
2 318
2 334
2 365
2 335
2 358
2 349
2 374
2 347
2 350
2 344
2 338
2 329
2 327
2 333
2 332
2 348
2 339
2 341
2 337
3 390
2 335
2 350
2 379
2 338
2 346
2 331
2 354
2 346
2 320
2 321
2 336
2 372
3 378
2 352
2 339
2 344
2 331
2 336
2 311
2 373
2 378
2 332
2 354
2 355
2 343
2 344
2 342
3 402
2 347
2 361
2 343
3 428
2 392
3 379
2 339
2 322
2 343
2 341
2 347
2 323
2 341
2 328
2 344
2 356
2 345
2 337
2 357
2 347
3 379
2 331
2 336
3 370
2 355
2 339
2 369
2 353
2 334
2 332
2 333
2 353
2 329
2 329
2 353
2 343
2 340
2 337
2 371
2 341
2 347
2 324
2 344
2 329
2 329
3 406
2 358
2 333
2 340
2 337
2 350
2 336
2 343
2 328
2 341
2 357
2 350
2 367
3 378
2 348
2 345
2 357
2 330
2 325
2 381
2 343
2 352
2 338
2 350
2 340
2 332
2 326
2 345
2 333
3 383
2 331
2 335
2 331
2 331
2 331
2 335
2 323
2 337
2 333
2 328
2 322
2 330
2 351
2 322
2 323
2 334
2 340
2 323
2 326
2 336
2 383
2 297
2 327
2 342
2 333
2 331
2 331
3 387
2 346
2 323
2 340
3 379
2 332
2 328
2 329
3 423
2 333
2 330
2 329
2 343
2 325
2 337
2 357
2 298
2 328
3 391
2 333
2 355
2 339
3 404
2 346
2 325
2 357
2 354
2 341
2 322
3 392
2 333
2 344
2 387
2 332
2 345
2 337
2 346
2 327
2 326
2 333
2 346
2 363
2 361
2 335
2 334
2 316
2 380
2 335
3 407
2 341
2 337
2 328
3 441
2 346
2 332
2 334
2 333
2 317
2 327
2 362
2 328
2 351
2 323
3 367
2 323
2 330
2 319
2 349
2 323
2 330
3 384
2 326
3 387
3 365
2 319
2 338
2 349
3 393
2 353
2 318
2 330
3 428
3 415
2 349
2 372
2 344
2 305
2 332
2 343
2 346
2 349
2 348
2 342
2 343
2 343
3 377
2 335
2 342
2 315
2 331
2 341
2 343
3 413
2 331
2 342
2 338
2 329
3 412
2 347
2 361
2 361
2 344
2 344
2 313
2 349
2 337
2 349
3 364
3 419
2 332
2 334
3 396
2 351
2 339
2 342
2 345
2 323
2 328
2 327
2 317
3 360
2 330
2 334
2 327
2 329
2 312
2 332
2 344
2 326
2 345
2 352
2 336
3 384
2 348
2 355
3 409
2 320
3 400
2 352
2 363
2 352
3 353
2 307
2 346
2 328
2 335
2 333
2 359
2 343
2 337
2 343
2 343
2 359
2 345
2 327
2 327
3 387
2 328
3 382
2 335
3 396
2 333
2 325
2 343
3 417
2 326
2 383
3 383
2 347
2 350
2 362
2 340
3 372
2 357
3 436
2 374
2 337
2 331
2 354
2 329
2 342
2 351
2 329
2 342
3 401
2 321
2 341
2 336
2 339
2 348
2 331
2 338
2 341
2 343
2 341
2 354
2 340
2 343
2 328
2 338
2 314
2 318
2 339
2 342
2 332
2 325
2 359
2 342
2 332
2 368
2 324
2 302
2 331
2 345
2 338
2 344
3 379
2 334
2 311
2 341
2 354
2 345
2 332
3 434
2 340
2 331
2 350
2 314
2 332
2 325
3 402
2 344
2 337
2 337
2 330
2 340
2 361
2 342
3 392
2 334
2 349
3 371
2 341
2 328
2 351
2 330
2 327
2 362
2 330
2 324
2 330
2 334
2 322
3 407
2 335
2 352
2 332
3 394
2 335
2 345
2 329
2 321
3 366
3 366
2 321
3 395
2 338
2 326
2 374
2 330
2 361
3 417
2 348
2 354
2 317
2 324
2 339
2 358
3 384
2 355
2 376
2 338
2 348
3 394
2 359
2 339
2 338
2 330
2 353
2 362
2 329
2 344
2 343
2 351
3 411
2 345
2 324
2 341
2 331
3 376
3 401
2 359
2 354
2 335
2 346
2 332
2 342
2 335
2 332
2 333
2 360
2 350
2 333
2 336
2 338
2 331
2 349
2 347
2 344
2 396
3 431
2 357
2 362
3 416
2 313
3 410
2 334
2 336
2 368
2 377
2 327
2 344
2 354
2 336
2 355
2 342
2 328
2 339
2 381
2 330
2 337
2 335
2 342
2 334
2 330
2 346
2 332
2 331
2 335
2 353
2 348
3 401
2 336
2 310
2 336
2 339
2 340
2 333
2 342
2 346
2 388
3 412
2 323
2 331
2 335
2 336
2 353
3 365
2 341
2 346
2 349
2 339
2 330
2 333
3 413
2 320
2 328
3 388
3 425
2 326
2 338
2 373
2 339
2 370
2 329
2 353
2 319
2 325
2 334
2 340
