3 2632
3 2830
3 2846
4 2649
3 2602
3 2597
3 2591
3 2494
3 2823
2 2579
3 2633
3 2547
3 2785
3 2691
3 2636
3 2668
2 2518
3 2759
2 2595
2 2533
3 2608
3 2565
3 2840
3 2788
3 2575
3 2574
3 2573
3 2617
2 2563
3 2644
3 2893
3 2759
3 2634
3 2820
3 2753
2 2555
2 2599
3 2585
3 2623
2 2533
3 2653
3 2786
3 2522
2 2570
3 2534
2 2575
3 2603
3 2703
3 2536
3 2540
2 2508
3 2550
3 2552
3 2530
3 2552
3 2738
3 2581
4 2637
3 2625
2 2585
3 2755
3 2592
3 2706
3 2512
3 2532
2 2578
3 2734
3 2755
4 2617
3 2532
3 2596
3 2524
3 2592
3 2552
2 2465
3 2604
3 2592
3 2548
3 2544
3 2524
3 2633
3 2525
3 2545
3 2485
3 2556
3 2736
4 2776
3 2607
3 2862
3 2761
4 2935
3 2572
3 2595
3 2551
3 2665
3 2713
3 2565
3 2812
3 2566
3 2602
3 2645
3 2602
2 2611
3 2768
3 2732
3 2677
3 2824
3 2797
3 2740
2 2636
3 2536
3 2677
3 2602
3 2638
3 2730
3 2868
3 2531
3 2628
2 2568
3 2583
3 2597
3 2763
3 2798
3 2786
3 2673
3 2809
3 2491
2 2545
3 2756
3 2567
3 2556
3 2742
3 2569
4 2671
2 2602
3 2745
2 2536
3 2557
3 2660
2 2568
3 2548
4 2828
3 2591
3 2830
3 2546
2 2575
3 2535
2 2562
3 2565
3 2638
3 2754
3 2809
3 2576
3 2603
3 2607
3 2643
3 2534
3 2512
3 2749
2 2582
3 2575
3 2806
3 2545
4 2863
3 2724
3 2695
3 2570
3 2842
3 2866
3 2707
3 2523
3 2684
3 2541
3 2669
2 2504
3 2615
3 2607
3 2609
3 2563
3 2536
3 2616
3 2796
3 2855
3 2539
3 2582
3 2916
3 2616
3 2537
2 2558
3 2871
3 2579
3 2754
3 2539
3 2807
4 2649
3 2670
3 2657
3 2825
2 2535
2 2505
3 2733
2 2627
3 2614
3 2614
3 2779
2 2470
2 2572
3 2604
2 2567
3 2773
2 2553
3 2561
3 2617
3 2614
3 2749
3 2754
3 2599
3 2635
2 2538
3 2615
3 2549
3 2584
3 2604
2 2565
4 2823
3 2763
2 2554
3 2547
3 2609
3 2594
3 2603
3 2557
2 2573
3 2727
3 2604
3 2803
3 2535
2 2515
3 2619
3 2534
3 2529
2 2520
3 2705
3 2593
3 2536
3 2880
3 2538
3 2521
2 2548
4 2888
3 2545
3 2723
3 2578
3 2654
3 2579
3 2591
3 2547
2 2572
3 2569
3 2790
4 2682
3 2680
3 2787
3 2791
3 2578
3 2877
3 2556
3 2704
3 2735
3 2738
3 2603
3 2537
3 2689
3 2560
3 2532
3 2575
3 2762
3 2874
3 2566
3 2661
3 2673
3 2552
3 2517
3 2726
3 2584
3 2547
3 2567
3 2527
3 2557
3 2636
3 2598
3 2559
4 2705
4 2973
3 2569
3 2634
2 2579
3 2821
3 2597
3 2537
3 2703
3 2730
2 2515
3 2515
3 2598
3 2585
3 2590
3 2585
2 2536
2 2557
3 2615
3 2851
3 2607
3 2725
3 2719
3 2601
3 2608
3 2679
3 2771
3 2581
2 2537
3 2546
3 2747
3 2542
3 2578
3 2528
3 2692
3 2827
3 2552
3 2597
3 2686
3 2833
2 2567
3 2687
4 2643
2 2568
3 2603
2 2557
3 2523
3 2617
3 2614
2 2561
3 2620
3 2741
3 2727
3 2583
2 2561
3 2759
2 2570
2 2525
3 2588
3 2589
3 2816
3 2559
3 2599
3 2902
3 2606
3 2628
3 2567
3 2497
3 2624
3 2551
3 2635
3 2846
3 2481
2 2547
3 2877
2 2564
3 2639
2 2539
3 2519
3 2698
3 2608
3 2715
3 2609
4 2729
2 2607
3 2497
3 2602
3 2495
3 2488
3 2687
3 2597
3 2706
3 2572
3 2570
3 2726
3 2728
3 2801
3 2818
3 2594
3 2745
3 2699
3 2586
3 2870
3 2585
3 2572
3 2745
3 2611
3 2642
3 2579
4 2756
3 2595
3 2607
3 2855
3 2535
3 2628
2 2583
3 2562
3 2746
3 2536
3 2662
3 2547
3 2526
3 2853
2 2573
3 2572
3 2665
3 2551
3 2638
3 2572
3 2519
4 2705
3 2583
3 2600
2 2591
3 2799
3 2573
2 2541
3 2545
3 2614
2 2541
3 2591
3 2569
3 2723
3 2698
3 2864
3 2540
3 2547
3 2752
2 2549
3 2761
3 2838
3 2869
3 2494
3 2585
3 2754
3 2562
3 2727
3 2561
3 2563
3 2538
3 2737
3 2510
3 2549
3 2557
3 2829
3 2758
3 2831
3 2541
3 2535
3 2564
3 2706
4 2914
3 2755
2 2513
3 2564
4 2738
3 2557
3 2818
3 2523
2 2604
3 2731
4 2645
2 2546
3 2707
3 2540
3 2589
3 2568
3 2602
3 2606
3 2588
3 2773
3 2765
2 2632
3 2841
3 2503
3 2608
3 2757
3 2590
3 2676
3 2685
3 2683
3 2714
3 2600
3 2588
3 2673
3 2623
3 2622
2 2597
3 2797
3 2609
3 2653
3 2763
3 2751
2 2487
3 2534
3 2732
3 2566
3 2797
3 2621
3 2556
3 2755
3 2551
3 2887
3 2782
3 2561
3 2544
2 2572
3 2816
3 2671
3 2850
2 2556
3 2569
4 2673
3 2596
3 2577
2 2587
2 2587
3 2615
3 2626
3 2760
2 2550
3 2608
3 2616
3 2751
3 2564
3 2476
3 2478
3 2815
3 2571
3 2754
3 2810
2 2510
3 2773
3 2621
2 2550
3 2560
3 2572
3 2590
3 2527
3 2686
2 2571
3 2616
3 2601
2 2625
3 2737
3 2855
3 2577
3 2607
3 2583
3 2856
3 2716
3 2516
3 2635
3 2823
3 2562
3 2653
3 2523
2 2551
3 2591
3 2558
3 2565
3 2629
3 2626
3 2544
3 2735
3 2799
3 2549
3 2681
3 2814
2 2623
3 2885
3 2588
3 2698
3 2735
3 2652
3 2616
3 2507
3 2548
3 2645
3 2863
3 2693
3 2586
3 2732
3 2597
3 2620
3 2852
3 2772
3 2899
3 2624
3 2789
3 2633
3 2560
3 2550
2 2555
3 2821
3 2820
3 2663
3 2871
3 2607
2 2593
3 2902
3 2657
3 2702
3 2731
3 2621
2 2585
3 2554
3 2751
3 2644
3 2842
3 2587
3 2587
3 2806
2 2486
3 2725
3 2583
3 2685
3 2581
3 2580
3 2539
3 2616
3 2870
3 2542
3 2527
3 2840
2 2587
3 2595
3 2550
3 2553
3 2764
3 2764
3 2535
3 2613
3 2582
3 2499
3 2780
3 2821
3 2743
3 2584
3 2612
3 2559
3 2775
3 2609
3 2807
3 2608
3 2605
3 2769
3 2523
3 2971
3 2819
2 2566
3 2628
3 2617
2 2631
3 2631
2 2566
3 2622
3 2547
3 2707
3 2603
3 2714
2 2604
3 2608
2 2513
2 2581
3 2585
3 2638
3 2552
3 2569
3 2592
3 2697
3 2566
3 2606
3 2776
2 2519
3 2598
2 2603
3 2577
3 2815
3 2557
3 2821
3 2581
3 2894
3 2870
3 2794
2 2518
3 2561
3 2604
3 2597
3 2699
3 2497
3 2752
3 2599
3 2801
3 2572
3 2539
3 2573
3 2524
3 2556
3 2605
2 2609
2 2617
2 2540
3 2631
2 2579
3 2694
3 2545
3 2589
3 2618
3 2653
3 2477
3 2573
3 2621
3 2638
2 2597
3 2674
3 2534
3 2708
3 2619
3 2590
3 2537
3 2751
3 2525
2 2492
3 2869
3 2507
3 2662
3 2612
3 2696
3 2615
3 2799
3 2630
3 2542
3 2589
2 2660
3 2574
3 2737
3 2889
3 2646
3 2616
3 2772
3 2579
3 2573
3 2763
3 2562
3 2601
2 2616
2 2580
3 2472
3 2605
3 2608
3 2538
4 2862
2 2502
3 2582
3 2581
3 2582
3 2783
3 2721
2 2581
2 2524
3 2528
3 2550
3 2508
3 2774
3 2799
3 2580
3 2617
3 2655
3 2841
3 2581
3 2730
3 2731
2 2619
3 2555
3 2589
3 2736
3 2572
3 2705
3 2507
3 2598
3 2593
3 2716
3 2541
3 2595
3 2612
3 2528
3 2537
3 2569
3 2574
3 2695
3 2658
3 2854
3 2675
3 2534
3 2599
3 2558
2 2541
3 2584
3 2630
3 2599
3 2822
3 2595
3 2715
3 2581
3 2773
3 2590
3 2597
3 2559
3 2575
3 2766
3 2520
3 2536
3 2574
3 2770
3 2880
3 2715
3 2649
3 2616
3 2615
3 2869
2 2551
3 2601
2 2603
2 2537
3 2596
3 2684
3 2838
3 2691
3 2577
3 2579
3 2707
3 2636
3 2628
3 2525
3 2646
3 2539
3 2747
3 2592
3 2651
3 2812
3 2726
2 2620
3 2599
3 2776
3 2553
2 2599
3 2591
3 2594
2 2529
3 2755
2 2529
3 2706
3 2626
3 2575
3 2691
3 2718
2 2546
3 2766
2 2549
3 2763
3 2899
2 2588
2 2552
3 2594
3 2710
3 2679
3 2555
3 2648
3 2786
3 2716
3 2655
3 2557
3 2764
4 2904
3 2603
2 2608
3 2640
3 2526
3 2607
3 2499
3 2583
3 2746
3 2519
3 2614
3 2867
3 2587
3 2662
3 2574
3 2574
3 2614
3 2553
3 2588
3 2621
3 2765
3 2720
3 2613
3 2531
3 2555
3 2537
3 2653
4 2707
3 2536
3 2530
3 2601
3 2636
2 2587
2 2551
3 2747
3 2533
3 2616
3 2810
3 2598
3 2522
3 2711
3 2746
3 2605
3 2577
3 2518
3 2558
3 2766
3 2859
2 2536
3 2557
3 2538
3 2527
3 2528
3 2610
3 2578
2 2473
2 2502
3 2603
3 2827
3 2601
3 2551
3 2784
3 2649
3 2804
3 2579
3 2719
2 2525
3 2601
3 2616
3 2482
3 2766
3 2864
3 2620
3 2591
2 2584
3 2539
3 2550
3 2699
3 2760
3 2577
3 2512
4 2746
3 2542
2 2575
3 2708
3 2602
3 2825
3 2707
3 2572
3 2566
3 2619
3 2771
3 2506
3 2581
3 2565
3 2532
2 2547
3 2562
3 2672
2 2614
3 2596
3 2576
3 2734
3 2515
3 2855
3 2526
3 2569
3 2597
3 2584
3 2585
3 2641
3 2824
3 2659
2 2565
