3 2844
4 2811
4 2906
4 2870
3 2770
4 2947
3 2801
4 3014
3 2756
3 2741
3 2709
4 3011
3 2752
4 2962
3 2682
4 2857
4 2798
3 2878
4 2832
3 2758
3 2741
3 2713
4 2953
3 2804
4 2953
4 2858
4 2919
3 2706
4 2961
4 2845
4 2836
4 2912
3 2861
4 2873
4 2853
4 2825
3 2773
3 2739
3 2743
3 2812
3 2762
4 2933
4 2802
4 2867
3 2775
4 2797
4 2842
3 2809
4 2731
3 2779
3 2719
4 2889
4 2856
3 2857
3 2773
4 2909
4 2835
4 2766
3 2760
4 2749
4 2891
3 2821
4 2882
3 2798
5 2792
3 2736
4 2910
4 2710
4 2838
3 2817
4 2705
4 2810
4 2867
4 2844
4 2895
3 2803
3 2743
4 2777
4 2765
3 2833
5 2896
4 2832
4 2874
4 2918
3 2839
4 2870
3 2806
4 2744
4 2745
4 3017
3 2852
4 2840
4 2836
3 2770
4 2933
4 2948
4 2755
3 2854
5 3104
4 2815
4 2894
4 2816
3 2862
4 2939
4 2842
3 2858
4 2932
4 2816
5 2935
4 2912
4 2804
3 2836
3 2753
4 2793
3 2708
3 2632
3 2712
3 2730
4 2826
4 2902
3 2710
4 2835
3 2759
4 2720
4 2886
3 2793
4 2795
4 2819
3 2707
3 2704
3 2777
5 2931
3 2820
4 2870
3 2690
4 2876
3 2749
4 2823
4 2942
3 2834
4 2872
4 2705
4 2817
4 2895
4 2803
3 2853
4 2702
3 2774
4 2792
4 2954
3 2739
4 3006
5 2879
3 2764
4 2762
3 2856
3 2863
4 2793
4 2898
3 2845
4 2864
4 2785
4 2875
4 2835
3 2757
4 2847
4 2929
4 2842
3 2801
3 2689
3 2628
4 2807
4 2956
4 2948
4 2946
3 2818
5 3039
4 2842
4 2902
4 2862
3 2838
4 2852
4 2948
3 2788
4 2820
4 2930
4 2762
3 2659
4 2807
4 2897
3 2861
4 2815
3 2751
3 2748
3 2732
4 2932
3 2680
3 2773
4 2822
3 2705
4 3002
4 2905
4 2761
4 2760
3 2735
5 2928
3 2748
4 2846
3 2809
3 2727
3 2756
4 2858
3 2782
4 2956
4 2780
3 2727
4 2937
3 2713
3 2765
3 2732
3 2781
4 2838
3 2827
3 2791
3 2843
3 2791
4 2856
4 2750
4 2898
4 2946
4 2920
3 2769
4 2838
4 2937
4 3050
3 2748
4 2934
4 2895
4 2812
4 2926
4 2877
4 2879
4 2885
3 2750
4 2867
4 2749
4 2860
4 2859
4 2827
4 2771
4 2848
3 2709
4 2826
4 3010
5 2988
4 2829
4 2851
3 2787
4 2843
3 2807
4 2813
4 2822
3 2780
3 2791
3 2802
3 2726
4 2808
4 2876
3 2670
3 2925
4 2885
4 2901
3 2709
3 2837
4 2736
4 2818
4 2779
5 2936
4 2782
4 2870
3 2742
4 2906
4 2841
3 2752
5 2953
4 2750
4 2827
3 2907
3 2816
4 2849
3 2856
3 2750
3 2764
4 2776
3 2771
3 2796
4 2812
4 2862
4 2804
4 2848
4 2798
5 2932
3 2842
4 2807
4 2912
4 3037
4 2832
4 2884
4 2843
4 2732
4 2857
5 2950
4 2848
3 2863
4 2968
3 2824
3 2763
4 2815
3 2726
4 2745
4 2788
4 2821
4 2935
3 2762
4 2817
4 2838
3 2830
3 2862
4 2888
3 2748
4 2841
4 2861
3 2644
4 2822
4 2947
4 2757
5 2949
3 2793
3 2738
3 2824
3 2843
3 2804
3 2810
4 2948
4 2788
4 2851
4 2798
4 2843
4 2952
4 2850
4 2835
4 2932
4 2747
3 2774
4 2831
4 2831
4 2740
4 2898
4 2996
3 2676
3 2777
3 2911
5 3075
4 2867
3 2737
4 3032
4 2850
3 2728
5 3012
4 2957
4 2801
5 2998
3 2730
4 2867
4 2919
3 2879
4 2819
3 2766
4 3045
4 2832
4 2826
4 2892
4 2752
4 2868
4 3054
4 2869
4 2892
3 2885
3 2757
3 2779
3 2843
4 2925
4 2858
4 2825
4 2850
3 2794
3 2766
5 2916
4 2829
4 2887
3 2770
3 2784
4 2793
4 2897
4 2846
3 2740
4 2997
3 2689
3 2732
4 2956
4 2831
4 2801
3 2718
4 2931
4 2755
4 2778
4 2882
3 2745
3 2722
3 2772
4 2813
3 2853
4 2769
3 2806
4 2845
3 2732
4 2826
4 2797
3 2776
4 2840
3 2710
3 2925
5 2946
4 2829
4 2872
3 2750
3 2699
4 2777
3 2734
3 2792
4 2833
5 2880
4 2905
4 2895
4 2838
3 2843
4 2976
3 2802
4 2900
4 2750
3 2736
5 3111
4 2774
4 2873
4 2886
4 2800
4 2879
4 2732
4 2787
4 2877
3 2855
4 2824
3 2858
4 2903
5 2947
4 2866
3 2763
3 2840
5 2921
4 2948
3 2799
3 2798
4 2964
4 2866
4 2878
4 2747
4 2806
3 2759
3 2714
4 2802
4 2817
4 2825
4 2893
4 2921
4 2785
3 2804
3 2779
4 3004
4 2833
4 2844
4 2949
3 2864
4 2802
4 2863
4 2978
3 2784
4 2889
4 2812
4 2768
4 2759
4 2843
4 2786
3 2760
3 2744
3 2747
4 2923
3 2778
4 2905
4 2846
3 2899
4 2853
3 2852
4 2805
4 2918
4 2789
3 2944
4 2934
3 2860
4 2869
3 2685
4 2978
3 2858
4 2839
4 2763
4 2933
4 2882
4 2954
4 2950
3 2733
4 2746
4 2812
5 3015
4 2769
4 2860
3 2704
4 2897
3 2769
4 2749
4 2851
4 2818
3 2857
3 2730
4 2835
4 2696
4 2822
4 2887
3 2703
4 2937
5 2837
4 3024
3 2773
3 2680
3 2812
3 2765
4 2875
3 2799
4 2836
4 2855
4 2930
4 2791
4 2984
3 2776
3 2771
4 2914
3 2685
4 2916
3 2856
3 2829
4 2792
4 3007
3 2715
5 2948
4 2882
4 2791
3 2741
4 2909
4 2854
4 2943
4 2828
3 2742
4 2874
3 2841
4 3011
3 2790
4 2971
4 2717
4 2776
3 2840
3 2805
3 2792
4 2868
3 2730
4 2874
4 2849
3 2716
3 2728
3 2757
4 2887
3 2842
4 2808
3 2741
4 2858
4 2850
4 2957
3 2725
4 2935
4 2870
3 2937
4 2910
4 2835
4 2870
4 2758
3 2742
4 2901
4 2868
3 2793
4 2849
4 2882
4 2941
5 2801
5 2904
4 2860
4 2741
3 2781
4 2818
3 2838
4 2786
4 2769
4 2761
4 2861
5 2994
4 2800
4 2965
3 2741
4 2866
3 2821
3 2770
4 2700
4 2943
4 2807
4 2980
3 2782
4 2980
3 2819
3 2807
4 2807
4 2952
4 2931
4 2814
3 2781
4 2987
4 2741
6 3057
4 2949
4 3013
4 2753
4 2822
4 2856
4 2697
4 2805
4 3014
4 2880
3 2678
4 2962
5 2802
4 2901
4 2803
4 2815
3 2750
5 2867
4 2932
4 2782
4 2836
5 2963
4 2945
4 2844
4 2865
4 2941
4 2839
4 2886
4 2914
4 2884
4 2866
4 2925
3 2788
3 2817
4 2769
4 2883
3 2869
3 2840
3 2781
4 2765
3 2817
4 2894
4 2886
4 2811
4 2914
3 2797
4 2894
4 2823
3 2810
4 2758
4 2832
4 2953
4 2907
5 2877
4 2744
3 2677
4 2848
3 2815
4 2900
4 2863
3 2840
3 2708
3 2769
4 2880
4 2921
4 2951
4 2845
4 2856
3 2715
5 3080
4 2778
3 2738
3 2724
4 2915
4 2962
3 2770
4 2823
4 2811
3 2718
4 2971
3 2731
4 2840
3 2746
4 2868
3 2786
5 3072
3 2828
4 2887
3 2687
3 2800
3 2805
4 2807
5 3042
4 2953
3 2710
4 2871
3 2789
4 2948
3 2732
4 2853
5 2960
4 2891
4 2815
4 2736
3 2771
3 2683
4 3079
5 2938
4 2774
4 2833
4 2827
4 2961
4 2816
3 2780
4 2846
4 2761
3 2686
4 2863
4 2819
4 2930
3 2806
3 2807
4 2910
4 2875
4 2924
3 2820
4 2801
4 2907
4 2899
4 2858
4 2902
3 2895
4 2881
4 2815
4 2794
5 2890
4 2849
4 2832
4 2872
4 2826
3 2712
4 2888
4 2886
3 2842
4 3027
3 2764
5 2912
4 2856
3 2765
4 2850
4 2787
4 2855
4 2731
4 2761
5 2950
5 2849
3 2819
4 2892
4 2823
4 2769
4 2941
3 2814
4 2792
4 2824
6 3089
4 2917
4 2784
4 2712
3 2772
5 3011
3 2807
4 2810
3 2813
4 2797
4 2782
4 2838
4 2832
4 2767
5 2945
5 2909
4 2891
3 2775
3 2814
4 2841
4 2853
3 2813
4 2773
4 2834
3 2876
3 2826
3 2690
4 2911
3 2596
3 2761
3 2765
4 2766
4 2846
3 2806
4 2833
4 2876
3 2836
4 2843
3 2790
4 2923
4 2915
3 2882
4 2858
3 2742
3 2807
4 3023
4 2791
3 2775
4 2859
4 2796
3 2805
4 2916
4 2802
4 2780
5 2976
3 2716
3 2804
4 2905
4 2971
4 2816
4 2863
4 2844
4 3020
4 2861
3 2827
3 2805
4 2845
6 3124
4 2822
4 2711
4 2912
3 2842
3 2724
3 2751
5 2962
4 2864
3 2821
4 2925
4 2871
4 2968
4 2858
4 2807
4 2869
4 2944
4 2895
3 2639
3 2689
4 3108
3 2804
3 2846
4 2808
3 2717
5 2927
3 2779
3 2862
3 2736
4 2986
4 2679
4 2966
4 2891
3 2780
4 2850
4 2862
4 2788
4 2811
4 2877
4 2846
4 2826
3 2756
4 2935
4 2851
4 2806
3 2768
3 2786
4 2765
4 2833
3 2734
3 2749
4 2841
3 2872
3 2789
4 2954
3 2702
3 2951
4 2747
4 2945
4 2903
4 2769
4 2884
4 2722
4 2763
4 2957
3 2751
4 2865
4 2814
5 2927
4 2784
4 2751
4 2948
4 2916
4 2818
3 2742
3 2702
5 2955
4 2668
4 2850
3 2672
4 2870
3 2860
3 2944
3 2633
3 2722
4 2804
4 2877
4 2875
4 2883
4 2792
3 2745
4 2896
4 2959
4 2857
3 2721
4 2846
4 2844
3 2776
4 2889
3 2713
4 2801
4 2727
3 2695
4 2752
4 2863
3 2677
3 2707
4 2779
4 2942
4 2768
4 2851
4 2768
4 2883
4 2905
3 2732
3 2740
4 2769
