3 584
3 628
3 555
3 609
3 632
3 603
3 614
3 579
3 594
3 618
3 650
3 595
3 593
3 555
3 610
3 579
3 591
3 577
3 572
3 576
3 604
3 599
3 585
3 578
3 551
4 622
3 653
3 622
3 547
3 592
3 562
3 658
3 580
3 552
3 609
3 605
3 553
3 583
3 561
3 604
3 552
3 563
3 634
3 605
3 579
3 601
3 586
3 551
3 587
3 555
3 518
3 563
3 592
3 597
3 556
3 553
3 636
3 580
3 560
3 581
3 517
3 588
3 591
3 614
3 582
3 569
3 559
3 521
3 570
3 609
3 562
3 575
3 560
3 586
3 554
3 576
3 554
3 573
3 597
3 600
3 548
3 583
3 571
3 581
3 568
3 535
3 555
3 578
3 600
3 597
3 618
3 590
3 635
3 570
3 593
3 544
3 568
3 565
3 552
3 571
3 586
3 534
3 567
3 549
3 566
3 566
3 559
3 577
3 584
3 616
3 595
3 570
3 571
3 591
3 641
3 601
3 585
3 577
3 578
3 563
3 561
3 544
3 605
3 588
3 558
3 575
3 574
3 592
3 535
3 665
3 583
3 510
3 607
3 557
3 571
3 611
3 598
3 556
3 520
3 551
3 548
3 550
3 554
3 571
3 575
3 509
3 548
3 515
3 568
3 558
3 526
3 572
3 565
3 552
3 584
3 587
3 589
3 562
3 581
3 541
3 554
3 583
3 561
3 565
3 564
3 617
3 604
3 553
3 567
3 578
3 599
3 594
3 577
3 587
3 646
3 632
3 546
3 658
3 587
3 596
3 616
3 566
3 536
3 579
3 555
3 603
3 610
3 578
3 571
3 561
3 568
3 565
3 592
3 577
3 548
3 572
3 563
3 636
3 593
3 606
3 598
3 554
3 599
3 601
3 601
3 625
3 667
3 642
3 580
3 485
3 616
3 546
3 584
3 585
3 604
3 573
3 610
3 601
3 588
3 601
3 573
3 612
3 595
3 560
3 525
3 580
3 609
3 611
3 572
3 613
3 593
3 561
3 594
3 594
3 599
3 557
3 614
3 609
3 567
3 601
3 576
3 641
3 591
3 605
3 629
3 563
3 577
3 575
3 587
3 584
3 597
3 577
3 570
3 607
3 650
3 585
3 568
3 606
3 579
3 516
3 555
3 549
3 568
3 603
3 579
3 607
3 569
3 569
3 605
3 525
3 583
3 595
3 625
3 578
3 630
3 598
3 578
3 541
3 575
3 581
3 609
3 611
3 548
3 599
3 522
3 607
3 567
3 585
3 603
3 581
3 553
3 588
3 584
3 569
3 600
3 583
3 577
3 560
3 576
3 597
3 608
3 598
3 557
3 592
3 582
3 590
3 605
3 554
3 598
3 617
3 629
3 613
3 591
3 631
3 564
3 584
3 706
3 632
3 602
3 599
3 574
3 588
3 614
3 547
3 591
3 580
3 571
3 553
3 605
3 582
3 570
3 561
3 567
3 599
3 582
3 590
3 593
3 577
3 544
3 613
3 589
3 586
3 572
3 597
3 558
3 581
3 587
3 630
3 581
3 523
3 533
3 569
3 588
3 532
3 558
3 560
3 496
3 617
3 587
3 567
3 553
3 581
3 561
3 689
3 706
3 519
3 551
3 574
3 589
3 575
3 560
3 599
3 558
3 614
3 592
3 577
3 567
3 602
3 581
3 579
3 564
3 646
3 566
3 562
3 594
3 560
3 597
3 625
3 598
3 602
3 592
3 573
3 568
3 569
3 567
3 712
3 615
3 521
3 673
3 558
3 575
3 606
3 588
3 603
3 661
3 608
3 661
3 548
3 586
3 556
3 569
3 586
3 572
3 559
3 603
3 569
3 571
3 574
3 552
3 556
3 573
3 662
3 589
3 529
3 578
3 553
3 530
3 577
3 562
3 593
3 575
3 565
3 563
3 555
3 589
3 673
3 580
3 564
3 543
3 541
3 621
3 594
3 567
3 554
3 611
3 638
3 576
3 560
3 565
3 612
3 578
3 575
3 589
3 562
3 542
3 563
3 562
3 555
3 612
3 579
3 564
3 491
3 605
3 591
3 558
3 563
3 571
3 582
3 603
3 569
3 566
3 559
3 571
3 561
3 605
3 594
3 551
3 571
3 595
3 580
3 676
3 589
3 543
3 571
3 581
3 581
3 540
3 569
3 583
3 574
3 614
3 581
3 565
3 574
3 545
3 594
3 585
3 594
3 576
3 576
3 623
3 549
3 643
3 599
3 562
3 550
3 576
3 579
3 572
3 583
3 569
3 572
3 621
3 610
3 590
3 579
3 563
3 604
3 594
3 557
3 560
3 510
3 576
3 606
3 625
3 575
3 575
3 606
3 640
3 544
3 595
3 602
3 547
3 574
3 601
3 588
3 594
3 601
3 601
3 570
3 597
3 593
3 562
3 539
3 578
3 604
3 564
3 587
3 577
3 598
3 570
3 574
3 594
3 589
3 574
3 570
3 582
3 553
3 531
3 559
3 554
3 556
3 577
3 579
3 613
3 556
3 607
3 583
3 541
3 578
3 548
3 608
3 577
3 563
3 557
3 552
3 606
3 640
3 543
3 582
3 505
3 588
3 552
3 597
3 562
3 560
3 600
3 553
3 576
3 569
3 572
3 562
3 617
3 580
3 560
3 573
3 578
3 581
3 595
3 547
3 574
3 559
3 612
3 592
3 590
3 567
3 587
3 645
3 585
3 588
3 617
3 576
3 566
3 566
3 601
3 582
3 587
3 613
3 595
3 561
3 561
3 556
3 587
3 632
3 574
3 569
3 596
3 576
3 564
3 578
3 600
3 591
3 522
3 592
3 630
3 601
3 591
3 570
3 570
3 566
3 643
3 579
3 565
3 558
3 588
3 528
3 653
3 594
3 570
3 625
3 525
3 587
3 622
3 651
3 618
3 571
3 558
3 571
3 543
3 626
3 577
3 613
3 561
3 603
3 575
3 604
3 619
3 607
3 558
3 587
3 589
3 580
3 552
3 539
3 553
3 621
3 602
3 580
3 605
3 608
3 665
3 574
3 560
3 600
3 568
3 561
3 570
3 567
3 592
3 601
3 592
3 564
3 575
3 576
3 592
3 589
3 636
3 598
3 551
3 586
3 542
3 580
3 553
3 563
3 589
3 618
3 540
3 577
3 553
3 560
3 558
3 592
3 585
3 557
3 606
3 517
3 597
3 647
3 577
3 556
3 586
3 563
3 640
3 575
3 546
3 569
3 552
3 612
3 643
3 609
3 596
3 619
3 563
3 645
3 542
3 566
3 631
3 556
3 612
3 581
3 600
3 589
3 565
3 584
3 549
3 563
3 575
3 594
3 591
3 535
3 547
3 577
3 598
3 565
3 567
3 586
3 602
3 575
3 644
3 547
3 584
3 549
3 628
3 503
3 559
3 545
3 531
3 534
3 590
3 581
3 601
3 562
3 596
3 525
3 609
3 562
3 578
3 643
3 549
3 609
3 591
3 573
3 559
3 567
3 611
3 577
3 586
3 579
3 504
3 588
3 604
3 573
3 602
3 584
3 577
3 587
3 618
3 621
3 591
3 544
3 612
3 613
3 568
3 593
3 593
3 618
3 569
3 569
3 585
3 593
3 591
3 526
3 605
3 611
3 559
3 608
3 609
3 581
3 567
3 523
3 594
3 590
3 588
3 567
3 618
3 563
3 599
3 596
3 566
3 572
3 579
3 576
3 585
3 604
3 608
3 567
3 561
3 612
3 603
3 646
3 600
3 582
3 621
3 580
3 579
3 668
3 611
3 555
3 625
3 600
3 493
3 580
3 589
3 639
3 573
3 487
3 571
3 585
3 652
3 560
3 553
3 551
3 558
3 575
3 597
3 555
3 568
3 525
3 573
3 580
3 552
3 631
3 616
3 561
3 563
3 574
3 556
3 550
3 588
3 578
3 587
3 548
3 584
3 652
3 541
3 573
3 622
3 688
3 585
3 590
3 621
3 590
3 597
3 602
3 659
3 567
3 591
3 555
3 628
3 660
3 583
3 590
3 587
3 567
3 564
3 509
3 577
3 588
3 582
3 687
3 581
3 563
3 589
3 554
3 573
3 568
3 591
3 553
3 530
3 619
3 574
3 582
3 596
3 555
3 672
3 603
3 563
3 610
3 634
3 662
3 583
3 572
3 545
3 560
3 635
3 601
3 609
3 574
3 636
3 567
3 522
3 578
3 597
3 577
3 608
3 618
3 583
3 585
3 592
3 558
3 584
3 501
3 481
3 584
3 567
3 606
3 545
3 596
3 517
3 565
3 615
3 541
3 573
3 585
3 584
3 595
3 650
3 570
3 632
3 592
3 583
3 658
3 577
3 567
3 573
3 638
3 555
3 580
3 569
3 600
3 695
3 592
3 576
3 558
3 659
3 580
3 576
3 602
3 565
3 596
3 505
3 558
3 625
3 563
3 547
3 571
3 610
3 616
3 580
3 607
