2 2550
2 2693
2 2697
2 2615
2 2676
3 2684
2 2759
3 2737
3 2572
2 2672
3 2673
2 2669
3 2668
3 2602
3 2661
3 2602
3 2565
2 2698
3 2754
3 2607
3 2641
3 2691
3 2537
3 2646
3 2728
3 2598
2 2709
3 2598
3 2646
2 2745
3 2742
3 2664
3 2714
2 2660
3 2533
3 2590
3 2709
2 2666
3 2639
3 2709
3 2654
3 2721
3 2706
2 2596
3 2648
3 2664
2 2593
3 2508
3 2675
3 2747
3 2669
3 2625
3 2761
3 2725
3 2675
3 2685
3 2694
3 2674
3 2721
3 2615
3 2595
2 2705
3 2671
2 2670
2 2625
2 2657
3 2724
2 2632
3 2658
3 2751
3 2681
3 2695
3 2689
3 2638
3 2745
3 2704
3 2682
3 2619
2 2690
3 2593
2 2736
3 2771
2 2618
3 2624
3 2737
2 2635
3 2587
3 2570
3 2549
3 2660
2 2793
2 2705
3 2569
3 2648
3 2546
2 2743
2 2685
3 2600
2 2680
