4 2928
4 2848
5 2977
4 2986
4 2846
4 2779
5 2958
5 3096
4 2905
4 2892
4 2890
4 3055
5 3017
4 2899
4 2877
5 3096
4 2917
4 2974
4 2933
4 2804
4 2886
3 2746
4 2887
4 2921
4 2901
4 3023
4 2971
4 2808
4 2964
4 2857
4 2908
4 2989
4 2958
5 3104
4 2853
4 2937
4 2828
5 2951
4 3128
4 2942
4 2982
5 2953
3 2734
4 2990
4 2950
3 2834
4 2844
4 2908
4 2913
4 2836
3 2775
4 2827
4 2886
5 2954
5 3027
4 2899
5 2947
4 2951
4 2854
4 2941
4 3066
5 2912
4 2953
4 2946
3 2853
3 2779
4 2950
3 2784
4 2897
3 2875
4 2821
4 2854
4 2833
5 3045
4 3001
3 2760
4 3014
4 2886
4 2990
4 2832
4 2939
4 2901
5 2871
5 2924
5 2924
4 2898
4 2917
4 2919
4 2910
4 2903
4 2903
5 2973
4 2986
3 2859
4 2940
4 2871
4 2909
4 2999
4 2876
4 2906
3 2918
4 2852
4 3056
4 2912
3 2833
5 3002
5 2965
3 2812
3 2904
4 2885
5 2924
5 3050
4 2846
3 2810
4 2953
3 2847
4 2965
5 3022
3 2774
4 2957
4 2859
4 2915
4 2912
4 2917
4 2903
4 2825
4 2894
4 2855
4 2828
4 2881
4 2850
4 2949
3 2787
4 2911
3 2850
4 2924
4 2875
4 2870
4 3007
4 2866
4 2775
4 2957
4 2803
3 2863
4 2910
4 2768
4 2839
5 2893
5 2887
5 3111
4 2885
5 3029
5 3070
4 2966
4 2856
4 2956
3 2841
4 2832
4 2926
4 3063
5 3044
5 3002
4 2890
4 3015
4 2968
4 2892
5 3009
5 3006
4 2847
4 3041
5 2971
4 2873
4 2999
3 2921
4 2834
5 3104
4 2972
4 2768
4 2939
4 2967
4 2810
4 2803
4 2898
3 2784
3 2880
4 2896
4 2845
5 2893
4 2845
4 2883
4 3006
4 2826
4 2933
5 2952
4 2850
4 3111
4 2891
5 2991
4 2802
3 2989
6 4790
6 5064
4 2969
4 2828
4 2895
5 3035
4 4539
4 4703
3 2744
5 2941
4 4297
4 4785
5 3031
4 2814
4 2911
5 2973
4 4845
4 5936
3 4803
3 4846
5 2963
4 2815
4 2880
3 2778
4 2839
4 4760
4 4940
5 3143
4 2770
4 2868
3 4282
5 5035
4 2873
4 4798
4 4924
4 4454
4 4742
4 2794
4 2808
4 2830
5 3062
4 2845
4 4685
4 4817
5 2962
4 6116
4 6444
4 6663
5 2987
4 2829
3 6114
3 6179
3 6547
4 4607
4 4697
4 4782
3 4788
4 4894
4 4860
3 2863
4 3051
5 3074
4 2867
3 2718
4 4788
4 4782
4 2937
4 6182
4 7098
4 7197
4 4887
4 2796
3 2736
4 2812
4 2783
5 2934
4 4969
4 5165
6 4702
6 5350
5 3166
4 2957
4 4697
4 4724
4 2929
5 2914
4 2957
4 2959
4 2824
4 2748
3 2693
4 4742
4 4735
5 2957
3 4673
3 4877
4 5071
4 5044
4 3082
4 4789
4 4914
3 2837
4 2797
4 2951
4 2902
4 2834
4 2890
5 2906
4 2781
4 2921
4 2793
4 6020
4 7088
4 8149
4 4671
4 2826
5 2839
4 2822
4 2821
4 2941
4 7526
4 10488
4 8602
4 8611
4 3678
4 6411
4 6477
4 6760
4 4756
4 4798
3 2784
4 4480
4 4732
4 6545
4 6670
4 6700
3 2714
4 2783
5 3080
5 2961
4 2914
4 2914
4 2908
4 2842
4 2823
4 2875
3 4093
5 2942
3 3378
4 4223
4 4756
4 2808
4 2828
4 2958
5 4033
4 2861
5 8329
5 8709
5 10354
5 10362
4 2898
4 2808
5 2860
3 2793
4 2950
4 2850
3 2733
4 5485
4 5355
4 3806
4 9178
5 3245
4 4167
3 3127
4 7194
4 4394
4 5059
4 3011
3 2906
4 4682
3 3445
4 4938
3 2949
4 3135
5 7197
4 10903
5 6444
5 9114
4 11697
4 22508
4 10751
4 21537
3 8802
4 6466
4 7708
4 16155
5 16186
4 14372
4 28348
4 34137
3 10226
4 20001
4 8272
4 22970
5 26552
4 37150
5 42659
3 32644
5 25277
4 21233
4 33935
4 23399
5 16031
4 20970
