2 2649
2 2647
2 2700
2 2610
2 2604
2 2613
2 2679
2 2613
2 2690
2 2631
2 2685
2 2722
2 2609
2 2608
2 2594
2 2691
2 2613
2 2615
2 2680
2 2600
2 2623
2 2656
2 2653
2 2596
2 2591
2 2615
2 2609
2 2610
2 2592
3 2869
2 2710
2 2666
2 2591
2 2603
2 2637
2 2638
2 2646
2 2635
2 2680
2 2609
2 2604
2 2660
2 2617
2 2601
2 2605
2 2610
2 2706
2 2660
2 2693
2 2583
2 2612
2 2738
2 2613
2 2631
2 2678
2 2692
2 2657
2 2657
2 2638
2 2626
2 2617
2 2761
2 2635
2 2695
2 2612
2 2678
2 2745
2 2706
2 2699
2 2704
2 2642
2 2616
2 2671
2 2616
2 2613
2 2635
2 2701
2 2629
2 2638
2 2595
2 2647
2 2610
2 2776
2 2637
2 2705
2 2612
2 2616
2 2765
2 2684
2 2624
3 3062
2 2636
2 2677
2 2671
2 2604
2 2606
2 2633
2 2612
2 2692
2 2658
2 2694
2 2700
3 2900
2 2666
2 2595
2 2692
2 2626
2 2687
2 2656
2 2612
2 2606
2 2706
2 2688
2 2704
2 2615
2 2686
2 2624
2 2642
2 2694
2 2629
2 2670
2 2600
2 2708
2 2629
2 2746
2 2643
2 2613
2 2686
2 2599
2 2610
2 2616
2 2614
2 2692
2 2605
2 2619
2 2614
2 2609
2 2684
2 2735
2 2610
2 2650
2 2609
2 2709
2 2746
2 2637
2 2629
2 2617
2 2704
2 2669
2 2604
2 2610
2 2707
2 2611
2 2667
2 2667
2 2605
2 2606
2 2624
2 2742
2 2613
2 2621
2 2708
2 2699
2 2746
2 2595
2 2656
2 2631
2 2643
2 2677
2 2631
2 2600
2 2635
2 2617
2 2610
2 2768
2 2680
2 2616
2 2655
2 2698
2 2655
2 2603
2 2617
2 2686
2 2607
2 2766
2 2666
2 2608
2 2689
2 2672
2 2755
2 2666
2 2617
2 2595
2 2622
2 2666
2 2628
2 2581
2 2686
2 2622
2 2701
2 2748
2 2599
2 2714
2 2670
2 2657
2 2617
2 2681
2 2607
2 2702
2 2759
2 2668
2 2697
2 2694
2 2604
2 2647
2 2775
2 2691
2 2590
2 2617
2 2706
2 2615
2 2608
2 2695
2 2695
2 2675
2 2681
2 2684
2 2618
2 2695
2 2623
2 2595
2 2751
2 2622
2 2693
2 2684
2 2753
2 2674
2 2703
2 2615
2 2682
2 2665
2 2613
2 2640
2 2643
2 2607
2 2775
2 2755
2 2609
2 2618
2 2622
2 2736
2 2607
2 2679
2 2612
2 2586
3 2899
2 2657
2 2609
2 2621
2 2593
2 2639
2 2664
2 2635
2 2703
2 2706
2 2626
2 2698
2 2719
2 2648
2 2604
2 2703
2 2689
2 2621
2 2631
2 2714
2 2651
2 2624
2 2678
2 2601
2 2703
2 2703
2 2704
2 2699
2 2629
2 2713
2 2606
2 2652
2 2679
2 2622
2 2609
2 2612
2 2642
2 2735
2 2590
2 2691
2 2630
2 2610
2 2665
2 2609
2 2605
2 2618
2 2694
2 2675
2 2616
2 2610
2 2695
2 2634
2 2655
2 2626
2 2628
2 2622
2 2746
2 2629
2 2747
2 2616
2 2693
2 2610
2 2618
2 2607
2 2684
2 2599
2 2602
2 2617
2 2698
2 2628
2 2615
2 2599
2 2689
2 2627
2 2694
2 2600
2 2608
2 2671
2 2616
2 2624
2 2676
2 2644
2 2661
2 2636
2 2614
2 2624
2 2611
2 2650
2 2674
2 2622
2 2603
2 2685
2 2741
2 2672
2 2599
2 2616
2 2612
2 2620
2 2622
2 2619
2 2697
2 2711
2 2623
2 2645
2 2686
2 2631
2 2615
2 2699
2 2624
2 2656
2 2645
2 2637
2 2700
2 2748
2 2750
2 2619
2 2624
2 2685
2 2665
2 2687
2 2631
2 2604
2 2699
2 2665
2 2659
2 2703
2 2694
2 2603
2 2652
2 2691
2 2610
2 2600
2 2639
2 2725
2 2755
2 2691
2 2670
2 2630
2 2622
2 2666
2 2637
2 2624
2 2670
2 2626
2 2664
2 2719
2 2697
2 2631
2 2709
2 2750
2 2661
2 2605
2 2594
2 2634
2 2663
2 2610
2 2607
2 2600
2 2691
2 2665
2 2605
2 2612
2 2701
2 2616
2 2666
2 2641
2 2626
2 2609
2 2635
2 2726
2 2706
2 2693
2 2620
2 2692
2 2691
2 2609
2 2699
2 2615
2 2652
2 2700
2 2666
2 2758
2 2606
2 2681
2 2693
2 2632
2 2606
2 2617
2 2615
2 2701
2 2625
2 2674
2 2642
2 2609
2 2639
2 2678
2 2611
2 2614
2 2618
2 2627
2 2660
2 2743
2 2697
2 2695
2 2620
2 2652
2 2766
2 2607
2 2645
2 2626
2 2645
2 2652
2 2684
2 2608
2 2603
2 2650
2 2629
2 2605
2 2625
2 2605
2 2717
2 2635
2 2618
2 2682
2 2615
2 2609
3 2800
2 2600
2 2610
2 2606
2 2600
2 2628
2 2631
2 2620
2 2696
2 2625
2 2744
2 2736
2 2692
2 2621
2 2624
3 2898
2 2600
2 2597
2 2598
2 2706
2 2643
2 2763
2 2606
2 2612
2 2609
2 2668
2 2667
2 2692
2 2701
2 2607
2 2665
2 2758
2 2617
2 2607
2 2624
2 2739
2 2684
2 2623
2 2598
2 2622
2 2607
2 2695
2 2714
2 2699
2 2627
2 2593
2 2599
2 2628
2 2673
2 2610
2 2625
2 2623
2 2623
2 2612
2 2588
2 2710
2 2778
2 2749
2 2608
2 2603
2 2598
2 2616
2 2603
2 2602
2 2613
2 2693
2 2734
2 2662
2 2650
2 2627
2 2600
2 2643
2 2609
2 2624
2 2695
2 2687
2 2766
2 2634
2 2690
2 2636
2 2694
2 2588
2 2683
2 2682
2 2674
2 2624
2 2615
2 2596
2 2695
2 2617
2 2679
2 2623
2 2656
2 2652
2 2672
2 2695
2 2678
2 2663
2 2608
2 2689
2 2621
2 2680
2 2609
2 2752
2 2719
2 2692
2 2687
2 2701
2 2655
2 2633
2 2597
2 2708
2 2665
2 2652
2 2614
2 2613
2 2688
2 2695
2 2669
2 2696
2 2620
2 2617
2 2702
2 2735
2 2773
2 2706
2 2706
2 2634
2 2643
2 2743
2 2637
2 2674
2 2720
2 2761
2 2627
2 2714
2 2616
2 2612
2 2594
2 2742
2 2711
2 2621
2 2621
2 2662
2 2612
2 2602
2 2622
2 2616
2 2667
2 2674
2 2695
2 2600
2 2608
2 2675
2 2652
2 2590
2 2620
2 2696
2 2638
2 2613
2 2727
2 2687
2 2586
2 2630
2 2615
2 2601
2 2626
2 2671
2 2688
2 2660
2 2654
2 2603
2 2696
2 2698
2 2763
2 2700
2 2615
2 2602
2 2702
2 2641
2 2743
2 2613
2 2671
2 2669
2 2714
2 2670
2 2605
2 2617
2 2614
2 2660
2 2748
2 2610
2 2610
2 2696
2 2607
2 2693
2 2627
2 2619
2 2615
2 2601
2 2658
2 2697
2 2636
2 2708
2 2715
2 2728
2 2588
2 2603
2 2632
2 2670
2 2722
2 2759
2 2640
2 2681
2 2615
2 2636
2 2615
2 2627
2 2711
2 2707
2 2714
2 2660
2 2590
2 2608
2 2618
2 2747
2 2733
2 2603
2 2613
2 2633
2 2651
2 2660
2 2679
2 2595
2 2597
2 2628
2 2684
2 2635
2 2633
2 2699
2 2579
2 2642
2 2669
2 2674
2 2600
2 2699
2 2744
2 2613
2 2600
2 2602
2 2630
2 2766
2 2751
2 2610
2 2715
2 2700
2 2653
2 2734
2 2688
2 2606
2 2686
2 2666
2 2646
2 2593
2 2698
2 2610
2 2698
2 2698
2 2643
2 2640
2 2613
2 2679
2 2642
2 2639
2 2622
2 2707
2 2608
2 2635
2 2610
2 2620
2 2722
2 2700
2 2666
2 2691
2 2637
2 2624
2 2606
2 2656
2 2662
2 2690
2 2716
2 2722
2 2646
2 2636
2 2690
2 2627
2 2583
2 2605
2 2616
2 2620
2 2600
2 2619
2 2671
2 2617
2 2604
2 2617
2 2620
2 2645
2 2608
2 2640
2 2602
2 2635
2 2671
2 2665
2 2629
2 2679
2 2624
2 2705
2 2757
2 2620
2 2716
2 2721
2 2622
2 2613
2 2649
2 2700
2 2714
2 2625
2 2744
2 2659
2 2600
2 2608
2 2685
2 2672
2 2676
2 2617
2 2627
2 2683
2 2633
2 2605
2 2734
2 2618
2 2640
2 2685
2 2680
2 2621
2 2621
2 2711
2 2655
2 2774
2 2743
2 2621
2 2618
2 2706
2 2646
2 2600
2 2703
2 2631
2 2613
2 2650
2 2620
2 2606
2 2625
2 2695
2 2645
2 2617
2 2700
2 2632
2 2609
2 2692
2 2658
2 2678
2 2608
2 2613
2 2610
2 2754
2 2694
2 2711
2 2605
2 2584
2 2627
2 2694
2 2602
2 2585
2 2614
2 2611
2 2671
2 2608
2 2626
2 2609
2 2623
2 2584
2 2694
2 2620
2 2625
2 2685
2 2754
2 2627
2 2624
3 2837
2 2643
2 2613
2 2706
2 2591
2 2618
2 2662
2 2645
2 2603
2 2681
2 2690
2 2593
2 2654
2 2707
2 2691
2 2626
2 2738
2 2690
2 2759
2 2717
2 2713
2 2622
2 2634
2 2675
2 2695
2 2631
2 2607
2 2677
2 2673
2 2643
2 2610
2 2712
2 2656
2 2602
2 2605
3 2866
2 2702
2 2628
2 2751
2 2606
2 2696
2 2622
2 2667
2 2729
2 2690
2 2636
2 2697
2 2614
2 2641
2 2599
2 2686
2 2633
2 2625
2 2600
2 2659
2 2696
2 2644
2 2759
2 2657
2 2667
2 2613
2 2706
2 2604
2 2636
2 2604
2 2700
2 2615
2 2588
2 2672
2 2669
2 2637
2 2612
2 2627
2 2653
2 2665
2 2639
2 2701
2 2597
2 2598
2 2617
2 2689
2 2614
2 2706
2 2608
2 2618
2 2685
2 2698
2 2692
2 2681
2 2624
2 2663
2 2647
2 2666
2 2722
2 2666
2 2614
2 2680
2 2632
2 2619
2 2654
2 2760
2 2618
2 2619
2 2608
2 2763
2 2675
2 2684
2 2597
2 2702
2 2751
2 2650
2 2697
2 2693
2 2701
2 2681
2 2618
2 2707
2 2628
2 2613
2 2599
