5 3231
4 3129
4 3140
5 3234
5 3129
4 3068
5 3207
5 3384
5 3247
5 3163
4 3094
5 3220
5 3252
5 3156
5 3209
5 3198
4 3154
4 3211
5 3257
4 2971
4 3292
4 3010
4 3108
5 3166
4 3183
6 3390
4 3009
8 3435
5 3295
6 3385
5 3125
4 3081
5 3204
6 3457
6 3186
5 3224
4 3084
5 2934
5 3370
5 3259
6 3392
5 3172
5 3226
5 3235
5 3341
4 3142
5 3199
5 3240
4 3078
5 3232
5 3316
4 3028
4 3091
5 3288
5 3306
4 3192
5 3321
5 3119
5 3187
5 3361
4 3036
4 3117
4 3106
5 3245
6 3243
4 2964
5 3226
4 3124
6 3169
4 3215
4 3045
5 2953
4 3150
4 3227
5 3151
4 3112
5 3230
5 3256
5 3156
5 3106
4 2991
5 3316
5 3068
5 3163
6 3363
5 3202
5 3369
5 3205
4 3200
5 3214
4 3176
5 3132
4 3081
4 3087
4 3094
5 3222
5 3439
5 3185
5 3169
