4 3030
4 2998
3 3079
5 3172
5 3029
5 3076
4 3001
4 2933
5 2991
4 3109
4 3021
5 3156
4 2945
3 2996
4 2979
4 3058
5 2986
4 2868
4 3060
5 3011
4 2950
5 3106
4 3206
4 3170
4 3009
5 3177
4 2973
5 3034
5 3013
4 3022
4 2910
4 3043
4 2931
5 3122
4 3067
4 3003
5 3042
5 3077
4 2892
5 3107
4 2959
5 3019
5 3209
5 3170
4 3057
4 3158
4 3045
4 3214
4 2954
4 3035
6 3338
5 2973
5 3147
4 3084
4 2962
4 2926
4 2977
6 3075
5 3054
4 2977
5 2994
4 2913
4 3074
4 2991
4 2922
5 3203
5 3034
4 3117
6 3180
4 2946
5 3004
4 2946
5 3205
4 3029
4 2938
4 2987
4 3016
4 3005
4 3098
4 3025
4 2991
5 3253
4 3074
4 2884
4 3076
4 2963
3 2842
5 3171
5 3076
5 3204
5 3069
5 3207
5 3198
5 3222
5 3208
4 2995
4 2949
4 2967
4 2961
