3 2590
3 2552
3 2549
3 2519
4 2720
4 2667
4 2672
4 2772
3 2761
3 2693
4 2681
3 2597
4 2701
3 2621
3 2659
3 2708
3 2565
3 2649
4 2708
3 2580
3 2622
3 2602
3 2575
3 2590
3 2667
3 2584
3 2616
3 2643
3 2607
4 2805
4 2715
3 2594
3 2593
4 2688
4 2698
3 2595
3 2608
3 2552
4 2616
3 2711
3 2670
4 2812
3 2570
3 2644
4 2841
3 2726
3 2684
3 2598
3 2753
3 2541
3 2751
4 2697
3 2570
3 2743
3 2667
3 2689
3 2689
3 2703
3 2721
4 2727
3 2609
3 2613
3 2641
3 2652
4 2735
3 2648
3 2720
4 2682
3 2625
3 2492
3 2636
4 2700
3 2581
3 2545
3 2578
3 2695
4 2720
3 2608
4 2807
4 2723
3 2657
3 2532
4 2722
3 2599
4 2796
3 2553
3 2694
3 2714
3 2620
3 2643
3 2629
4 2683
3 2678
4 2751
4 2609
3 2702
3 2628
3 2604
3 2586
