5 3506
6 3871
6 3630
5 3677
5 3606
6 3569
5 3682
5 3590
7 3794
6 3697
5 3494
6 3576
5 3628
6 3616
5 3411
6 3619
4 3488
6 3723
5 3607
5 3723
7 3940
6 3425
5 3667
5 3550
4 3523
6 3598
5 3667
6 3786
5 3504
5 3436
5 3692
5 3747
6 3751
8 3857
4 3582
6 3694
5 3479
6 3802
5 3462
6 3524
6 3708
4 3400
6 3608
5 3622
5 3513
6 3734
6 3646
7 3623
6 3718
5 3666
7 3863
6 3820
6 3734
6 3857
6 3675
5 3506
4 3467
5 3602
7 3683
5 3607
5 3689
5 3587
5 3429
6 3736
5 3503
8 3914
7 3888
5 3624
6 3732
5 3463
6 3578
5 3402
8 3978
6 3783
5 3589
6 3585
7 3896
5 3686
5 3703
5 3627
5 3487
5 3512
5 3624
5 3622
5 3559
6 3578
7 3919
6 3568
5 3444
7 3705
4 3259
5 3641
5 3562
5 3614
5 3569
6 3545
5 3504
5 3504
5 3369
