3 2566
3 2627
3 2635
3 2686
3 2728
4 2767
3 2544
3 2720
3 2781
3 2623
3 2674
3 2741
3 2628
3 2747
3 2684
3 2652
3 2797
3 2738
3 2517
4 2736
3 2738
3 2561
3 2597
2 2517
3 2663
3 2581
3 2594
3 2606
3 2499
3 2646
3 2662
3 2614
3 2514
3 2813
3 2662
3 2703
3 2721
3 2569
3 2590
3 2621
3 2733
3 2760
3 2646
3 2539
3 2687
3 2708
3 2561
3 2732
3 2719
3 2575
4 2733
2 2601
3 2648
3 2724
3 2565
3 2645
3 2722
3 2648
2 2537
3 2650
3 2627
3 2537
3 2639
3 2745
3 2723
3 2615
3 2653
3 2728
3 2568
3 2654
2 2555
3 2630
3 2598
3 2797
3 2740
3 2680
3 2540
3 2793
3 2668
2 2633
3 2556
3 2758
3 2754
3 2556
3 2681
2 2569
3 2565
3 2602
3 2716
3 2693
3 2667
2 2614
4 2671
3 2661
3 2599
3 2729
3 2535
3 2605
3 2728
