2 2584
2 2638
2 2651
2 2597
2 2596
2 2578
2 2623
2 2592
2 2621
2 2585
2 2691
2 2643
3 3015
2 2658
2 2593
2 2641
2 2612
2 2613
2 2619
2 2609
2 2602
2 2652
3 3049
2 2625
2 2567
2 2616
2 2606
2 2612
2 2674
2 2678
2 2654
3 3006
2 2611
2 2602
2 2617
2 2640
2 2582
2 2645
2 2600
2 2574
2 2595
2 2585
2 2604
2 2573
2 2592
2 2602
2 2647
2 2663
2 2662
3 2977
2 2597
2 2664
2 2610
2 2561
2 2607
2 2625
2 2602
2 2612
3 2966
2 2599
2 2659
2 2608
2 2643
2 2656
2 2682
2 2651
2 2609
2 2580
2 2674
2 2636
2 2630
2 2602
2 2723
2 2567
2 2608
2 2627
2 2602
2 2644
2 2646
2 2576
2 2605
2 2586
2 2619
2 2661
2 2652
2 2620
2 2589
2 2632
2 2671
2 2618
2 2613
2 2586
2 2638
2 2587
2 2739
2 2566
2 2606
2 2686
2 2679
2 2646
2 2574
2 2646
2 2688
2 2613
2 2633
2 2585
2 2672
2 2663
2 2703
2 2631
2 2591
2 2618
2 2580
2 2626
2 2573
2 2596
2 2567
2 2564
2 2659
2 2578
2 2631
2 2646
2 2596
2 2650
2 2648
2 2669
2 2613
2 2681
2 2630
2 2656
2 2644
2 2595
2 2596
2 2617
2 2652
2 2608
2 2610
3 2965
2 2601
2 2583
2 2591
2 2621
2 2636
2 2639
2 2655
2 2572
2 2581
2 2590
2 2637
2 2614
2 2651
2 2702
2 2639
2 2585
2 2628
2 2609
2 2643
2 2646
2 2558
2 2613
2 2735
2 2737
2 2608
2 2580
2 2643
2 2620
2 2625
2 2604
2 2579
2 2579
2 2665
2 2614
2 2577
2 2602
2 2594
3 3036
2 2660
3 2926
2 2642
2 2640
2 2651
2 2592
2 2670
2 2579
2 2627
2 2611
2 2727
2 2748
2 2612
2 2577
2 2597
2 2644
2 2637
2 2666
2 2668
2 2591
2 2619
2 2616
2 2668
3 2953
2 2625
2 2722
2 2632
2 2633
2 2634
2 2660
2 2629
2 2608
2 2669
2 2684
2 2635
2 2599
2 2667
2 2683
2 2686
2 2599
2 2663
2 2640
2 2638
2 2617
2 2622
3 2977
2 2715
3 3142
2 2673
2 2600
2 2657
3 2930
2 2647
2 2635
2 2596
2 2698
2 2578
2 2563
2 2611
2 2681
2 2671
2 2577
2 2608
2 2662
2 2596
2 2684
2 2590
2 2585
2 2597
2 2636
2 2699
2 2645
2 2672
2 2582
2 2569
2 2576
2 2568
2 2661
2 2660
2 2609
2 2591
2 2581
2 2645
2 2676
2 2661
2 2613
2 2585
2 2662
2 2573
2 2693
2 2621
2 2662
2 2607
2 2621
2 2589
2 2697
2 2584
2 2595
2 2638
2 2662
3 3122
2 2596
2 2589
2 2594
2 2578
2 2574
2 2580
2 2581
3 2953
2 2643
2 2585
2 2566
2 2661
2 2615
2 2640
2 2644
2 2582
2 2585
2 2631
2 2597
2 2657
2 2621
2 2565
2 2645
2 2699
2 2601
2 2608
2 2696
2 2653
2 2623
2 2700
2 2610
2 2601
2 2566
2 2664
2 2719
2 2626
2 2636
2 2663
2 2659
2 2614
2 2639
2 2635
2 2671
2 2605
2 2602
2 2652
2 2669
2 2586
2 2611
2 2656
2 2656
2 2664
2 2604
2 2588
2 2585
2 2623
2 2646
2 2700
2 2664
2 2635
3 2950
2 2633
2 2632
2 2571
2 2651
2 2650
2 2593
3 2932
2 2582
2 2689
2 2656
2 2635
2 2609
2 2602
2 2644
2 2682
2 2651
2 2653
2 2599
2 2670
2 2584
2 2653
2 2644
2 2619
2 2574
2 2578
2 2643
2 2616
2 2606
2 2624
2 2646
2 2655
3 3126
2 2599
2 2597
2 2620
2 2726
2 2619
2 2591
2 2565
2 2617
2 2596
2 2654
2 2652
2 2637
2 2612
2 2702
2 2610
2 2635
2 2582
2 2567
2 2585
2 2658
3 3011
3 2939
2 2611
2 2599
2 2635
2 2644
2 2645
2 2629
2 2712
2 2627
2 2616
2 2662
2 2663
2 2699
2 2633
2 2644
2 2699
2 2664
2 2717
2 2614
2 2606
2 2573
2 2670
2 2665
2 2579
2 2679
2 2668
2 2569
2 2563
2 2607
2 2575
2 2574
2 2601
2 2567
2 2672
2 2573
2 2605
2 2624
2 2609
2 2579
3 2930
2 2624
3 3148
2 2610
2 2696
2 2646
2 2576
2 2579
2 2586
2 2704
2 2616
2 2600
2 2600
2 2689
2 2552
2 2648
2 2638
2 2651
2 2617
2 2629
2 2631
2 2648
2 2663
2 2612
2 2584
2 2631
2 2608
2 2600
2 2670
2 2581
2 2644
2 2693
2 2707
2 2616
2 2588
2 2599
2 2695
2 2657
3 3120
2 2613
2 2612
2 2631
2 2678
2 2676
2 2656
2 2644
2 2588
2 2606
2 2587
2 2605
2 2648
2 2609
2 2569
2 2623
2 2575
3 3016
2 2663
2 2607
2 2609
2 2584
2 2642
2 2628
2 2611
2 2722
2 2621
2 2665
3 2885
2 2637
2 2569
2 2668
2 2652
2 2675
2 2675
2 2677
2 2589
2 2682
2 2601
2 2576
3 3016
2 2643
2 2697
2 2609
2 2633
3 3071
2 2631
2 2605
2 2601
2 2657
2 2602
2 2612
2 2594
2 2674
2 2622
2 2723
2 2652
2 2613
2 2651
2 2655
2 2664
2 2601
2 2618
2 2642
2 2593
2 2590
2 2660
2 2675
2 2620
2 2599
3 2931
2 2642
2 2650
3 2913
2 2658
2 2650
2 2618
2 2586
2 2596
2 2637
2 2617
2 2634
3 2949
2 2669
2 2635
2 2712
2 2621
2 2592
2 2593
2 2663
2 2623
2 2639
2 2695
2 2659
2 2609
2 2584
2 2626
2 2630
2 2616
2 2592
2 2665
2 2739
2 2606
2 2603
2 2644
2 2596
2 2703
2 2721
2 2660
2 2590
2 2663
2 2650
2 2630
2 2690
2 2607
2 2587
3 2926
2 2669
2 2633
2 2595
2 2672
3 3017
2 2677
2 2564
2 2686
2 2600
2 2576
2 2590
2 2588
2 2650
3 3091
2 2607
2 2585
2 2696
2 2607
2 2666
3 2953
2 2624
2 2628
2 2565
2 2679
3 3016
2 2631
2 2709
2 2591
2 2615
2 2662
2 2666
2 2616
2 2670
2 2564
2 2601
2 2587
2 2621
2 2652
2 2632
2 2625
3 2897
2 2596
2 2597
2 2585
2 2592
2 2681
2 2634
2 2670
2 2676
2 2681
2 2631
2 2557
2 2648
2 2712
2 2596
2 2664
2 2618
2 2707
2 2648
2 2611
2 2559
2 2663
2 2631
2 2695
2 2613
2 2572
2 2572
2 2603
2 2614
2 2685
2 2578
2 2679
2 2680
2 2635
2 2564
2 2602
2 2593
2 2660
2 2610
2 2672
2 2673
2 2585
2 2569
2 2593
2 2583
2 2609
3 2950
2 2657
2 2574
2 2618
2 2667
2 2661
2 2588
2 2657
2 2571
2 2642
2 2649
2 2590
2 2646
2 2651
2 2601
2 2619
3 2907
2 2656
2 2650
2 2623
2 2601
2 2575
2 2654
2 2625
2 2609
2 2588
3 2906
2 2588
2 2723
2 2599
2 2575
2 2559
2 2645
2 2578
3 2704
2 2618
2 2666
2 2652
2 2580
2 2657
2 2587
2 2637
2 2608
2 2653
2 2558
2 2617
2 2595
2 2576
2 2720
2 2675
2 2697
2 2607
2 2663
2 2688
2 2604
2 2611
2 2638
2 2637
3 2945
2 2645
2 2650
2 2634
2 2583
2 2607
2 2693
2 2596
2 2623
2 2652
2 2673
2 2637
2 2688
2 2649
2 2592
2 2673
2 2617
2 2598
2 2647
2 2585
2 2619
2 2623
2 2573
2 2626
2 2572
2 2565
2 2709
2 2571
2 2605
2 2646
2 2686
2 2572
2 2633
2 2701
2 2667
2 2555
2 2614
2 2603
2 2659
2 2589
2 2676
2 2575
2 2620
2 2610
2 2661
2 2615
2 2603
2 2620
2 2622
2 2645
2 2618
2 2576
2 2653
2 2615
2 2626
2 2658
2 2575
2 2657
2 2662
2 2581
2 2561
2 2573
2 2710
2 2627
2 2620
2 2587
2 2568
2 2672
2 2636
2 2657
2 2578
2 2568
2 2591
2 2607
3 2988
2 2652
2 2619
2 2597
2 2648
2 2632
2 2658
2 2596
2 2652
2 2643
2 2606
2 2673
2 2615
2 2611
2 2614
2 2598
2 2633
2 2659
2 2651
2 2621
2 2627
2 2632
2 2587
2 2583
2 2560
2 2697
2 2675
2 2644
2 2594
2 2596
2 2690
3 2937
2 2699
2 2609
2 2571
2 2589
2 2614
2 2585
2 2635
2 2601
2 2646
2 2569
2 2677
2 2605
2 2649
2 2611
2 2607
2 2618
2 2597
2 2600
2 2629
2 2608
2 2569
2 2600
2 2570
2 2575
2 2635
2 2575
2 2609
2 2667
2 2552
2 2692
2 2683
2 2640
2 2569
2 2599
2 2654
2 2661
2 2722
2 2608
2 2664
2 2647
2 2698
2 2678
2 2620
2 2665
2 2586
2 2570
2 2700
2 2592
2 2590
3 2871
2 2623
2 2628
2 2586
2 2703
2 2595
2 2607
2 2655
2 2697
2 2661
2 2568
2 2720
2 2586
3 3042
2 2641
2 2565
2 2628
2 2622
2 2600
2 2652
2 2578
2 2652
2 2644
2 2646
2 2552
2 2566
2 2647
2 2637
2 2633
2 2612
2 2581
2 2616
2 2598
2 2650
2 2631
2 2579
2 2644
2 2601
2 2627
2 2607
2 2575
2 2574
2 2569
3 3034
2 2665
2 2592
2 2623
2 2681
2 2725
2 2612
2 2702
2 2603
2 2706
2 2652
2 2593
2 2595
2 2594
2 2626
3 2982
2 2651
2 2607
2 2636
2 2602
2 2595
2 2570
2 2692
2 2662
3 2988
2 2706
2 2753
2 2594
2 2591
2 2653
2 2628
2 2658
2 2651
2 2715
2 2586
2 2638
2 2692
2 2599
2 2578
2 2592
2 2620
2 2681
2 2685
2 2596
2 2591
2 2567
2 2598
2 2564
3 2644
2 2689
2 2633
2 2608
2 2669
2 2619
2 2613
3 3083
2 2605
2 2683
2 2601
2 2585
2 2585
2 2644
2 2641
2 2652
2 2672
2 2654
2 2683
2 2647
2 2643
3 3050
2 2586
2 2672
2 2585
