2 2613
2 2595
2 2682
2 2649
2 2571
2 2614
3 2773
2 2578
3 2794
2 2564
3 2805
2 2680
2 2612
2 2610
2 2657
2 2615
2 2636
2 2654
2 2642
2 2573
2 2618
2 2549
2 2591
2 2609
2 2637
2 2687
2 2596
2 2610
2 2660
2 2580
2 2592
2 2560
2 2633
2 2646
2 2560
2 2587
3 2877
3 2801
2 2611
2 2608
2 2613
3 2772
2 2584
3 2874
2 2594
2 2632
2 2591
2 2643
2 2629
2 2586
2 2592
2 2554
3 2773
2 2607
2 2576
2 2561
2 2586
2 2589
2 2607
2 2579
2 2575
2 2575
2 2634
2 2562
2 2622
2 2615
2 2581
3 2697
2 2566
2 2612
2 2595
3 2793
2 2593
3 2776
2 2640
2 2575
2 2600
3 2795
2 2603
2 2577
2 2543
2 2578
3 2817
3 2837
2 2643
2 2640
2 2565
2 2570
2 2600
2 2588
2 2598
2 2547
2 2651
2 2677
2 2637
2 2592
2 2566
3 2786
2 2703
