3 912
3 2143
3 2220
3 2236
3 2305
3 2275
2 2338
3 2316
3 2354
3 2463
3 485
3 534
3 563
3 541
3 658
3 719
3 798
3 772
3 816
3 887
3 904
3 976
3 1044
3 1022
3 1040
3 1141
3 1177
3 1127
3 1167
3 1163
3 1283
3 1339
3 1350
3 1292
3 1407
3 1528
3 1497
3 1507
3 1487
3 1554
3 1704
3 1681
3 1686
3 1729
3 1755
3 1822
3 1851
3 1870
3 1984
3 1953
2 2217
3 2110
3 2096
3 2183
2 2127
3 2292
3 2411
3 2289
3 2339
3 2292
3 2387
3 513
2 508
3 531
3 519
3 590
3 659
4 728
4 788
3 647
3 746
3 806
3 930
3 955
3 913
3 1016
2 1122
3 1090
3 1141
3 1144
3 1318
3 1286
3 1311
2 1384
3 1367
3 1466
3 1645
3 1507
3 1559
3 1509
3 1539
3 1674
3 1705
3 1704
3 1774
3 1837
3 1832
2 1856
4 1909
3 2024
3 1949
3 2071
3 2097
2 2058
3 2210
3 2192
3 2217
3 2290
3 2325
3 2404
4 553
3 2471
3 488
3 520
3 525
3 597
3 747
3 615
3 719
3 705
4 760
3 890
2 916
3 948
3 1011
3 987
4 1108
3 1099
3 1140
3 1137
3 1132
3 1242
3 1275
3 1306
3 1363
3 1377
2 1470
2 1478
3 1493
2 1528
2 1754
3 1653
3 1703
3 1694
3 1733
3 1809
2 1891
3 1841
3 1950
2 2065
3 2112
3 2024
3 2139
3 2170
3 2289
3 2353
3 2265
3 2323
3 2311
3 2443
3 2435
2 2439
3 545
4 570
5 653
3 721
3 703
2 747
3 761
3 856
3 1147
3 874
3 1019
3 1061
3 1092
3 1067
2 1295
3 1277
3 1275
3 1341
2 1327
3 1337
3 1446
3 1484
2 1449
3 1546
3 1529
3 1635
3 1643
3 1706
3 1740
3 1816
3 1726
2 1876
3 1867
3 1986
3 1976
2 1942
3 2056
3 2161
3 2209
3 2256
3 2212
3 2259
3 2312
3 2419
3 516
3 2416
3 505
3 534
4 633
3 666
3 606
3 761
3 798
4 764
3 812
3 843
2 936
3 1009
3 1035
3 1078
3 1074
3 1178
3 1238
4 1256
3 1317
3 1278
3 1367
3 1430
3 1497
3 1644
2 1473
3 1546
3 1661
3 1621
3 1705
3 1941
2 1719
3 1789
3 1869
3 1804
3 1910
3 1878
3 1966
3 2023
3 2082
3 2038
3 2118
3 2216
3 2307
3 2228
3 2286
3 2313
3 2433
3 2453
3 2477
3 516
3 512
3 636
4 660
3 851
2 745
3 704
2 895
4 876
3 914
3 1057
3 930
3 1070
3 983
4 1132
3 1126
3 1086
3 1341
3 1228
3 1264
3 1275
3 1308
3 1420
3 1420
3 1460
3 1456
3 1480
2 1534
4 1662
3 1646
3 1690
3 1762
3 1818
3 1903
3 2138
3 1917
3 2027
3 1993
3 2038
3 2133
2 2309
3 2260
3 2134
3 2246
3 2294
3 2409
3 531
3 2351
3 2469
3 547
3 604
3 651
3 652
3 702
3 812
3 814
3 853
3 840
3 1030
3 1018
2 1019
3 1062
3 1028
3 1120
3 1421
2 1171
3 1337
3 1320
3 1419
3 1474
3 1585
3 1486
3 1521
3 1567
3 1628
3 1753
3 1712
3 1765
3 1823
3 1885
3 1919
4 1969
3 2015
3 1944
3 2076
3 2107
3 2192
3 2281
3 2277
3 2317
3 2398
2 2468
3 2460
3 2460
3 713
3 531
3 721
3 678
4 732
3 758
3 998
3 872
3 989
3 1024
3 1037
3 1071
3 1164
3 1226
3 1180
3 1281
3 1357
3 1406
3 1360
3 1425
3 1552
3 1488
3 1634
2 1633
2 1629
3 1730
3 1735
3 1809
3 1891
3 1887
3 2023
3 2059
3 2030
3 2097
3 2157
3 2164
3 2422
3 2296
3 2360
3 2470
3 2369
3 2448
2 556
2 571
3 682
3 571
3 694
3 689
2 743
3 843
2 819
3 872
3 991
3 1044
3 1142
3 1040
3 1182
3 1293
2 1278
2 1281
3 1496
3 1402
3 1381
2 1456
3 1516
3 1459
3 1609
3 1585
3 1692
3 1685
3 1808
3 1750
3 1858
3 1988
3 1989
3 2026
4 1963
3 2102
3 2126
3 2246
3 2264
3 2228
3 2308
3 2305
3 2499
3 496
3 2449
3 543
3 580
3 708
3 878
3 714
3 848
3 879
3 923
3 999
3 874
3 1151
3 1076
3 1155
3 1146
3 1158
3 1252
3 1241
3 1332
3 1333
3 1363
3 1424
4 1500
3 1604
3 1631
3 1611
3 1681
3 1766
3 1778
3 1843
3 1834
3 1926
3 2030
3 2090
3 2205
3 2070
3 2127
3 2247
2 2258
3 2327
3 2309
3 513
3 2452
3 508
3 545
3 688
3 595
3 751
3 722
3 879
4 822
3 837
3 972
3 994
3 1133
3 1077
3 1096
3 1217
3 1289
2 1317
3 1432
4 1362
3 1399
3 1474
3 1690
3 1645
3 1606
3 1711
3 1727
3 1790
3 1830
3 2123
3 1843
3 2030
3 2016
3 2024
3 2075
3 2029
3 2276
3 2153
2 2271
3 2281
3 2338
3 2453
3 2426
2 499
3 501
3 576
3 711
3 690
3 780
3 900
4 783
3 922
3 1132
3 1046
4 1055
3 1029
3 1198
3 1192
3 1226
3 1501
4 1329
3 1448
2 1355
3 1429
3 1549
3 1534
3 1642
3 1607
3 1754
4 1767
3 1810
3 1764
3 1902
3 1961
4 2018
3 2061
3 2052
3 2167
3 2281
3 2201
3 2310
3 2250
3 2455
3 2461
3 2442
3 527
3 572
3 662
3 704
3 865
3 835
3 869
3 996
3 1059
3 1020
3 1137
3 1071
3 1214
3 1173
3 1225
3 1274
4 1289
2 1469
3 1428
3 1497
3 1504
3 1620
3 1614
3 1681
3 1724
3 1792
3 1797
3 1978
2 1944
3 2010
2 2049
4 2048
3 2084
3 2219
3 2336
3 2303
2 2351
3 2417
3 2427
3 494
3 596
3 673
3 583
3 719
3 725
3 815
3 837
3 851
3 940
3 1090
3 1096
3 1110
3 1110
3 1287
3 1247
3 1322
3 1426
3 1345
3 1429
2 1471
2 1550
3 1587
3 1576
3 1729
3 1869
3 1730
3 1812
3 1847
3 1928
3 1981
3 1989
3 2063
3 2044
3 2115
3 2184
3 2313
3 2372
3 2416
3 2358
3 494
3 506
3 576
3 626
2 664
3 888
3 881
2 811
3 924
3 1133
2 1034
3 1114
3 1152
3 1193
3 1166
3 1504
3 1380
3 1403
2 1426
3 1429
3 1475
3 1542
3 1571
2 1635
3 1674
2 1707
3 1809
3 1859
4 1939
3 1989
3 1964
3 2051
3 2052
3 2150
3 2257
3 2136
3 2234
3 2264
3 2422
3 652
3 2392
3 2470
3 564
3 662
3 686
3 857
2 800
3 884
3 1000
4 1108
3 950
3 1068
3 1186
3 1279
4 1325
3 1266
3 1411
3 1449
3 1523
3 1629
3 1616
3 1636
3 1661
3 1805
3 1832
3 1796
3 1895
3 1942
3 2034
3 2195
3 2119
3 2120
3 2172
3 2227
4 2372
3 534
3 2365
3 2410
2 551
3 581
3 505
3 566
4 722
3 727
2 831
2 871
3 825
3 972
3 1035
3 1083
3 1068
3 1175
3 1199
3 1256
3 1350
3 1449
3 1384
3 1486
3 1479
4 1705
2 1622
3 1713
3 1674
3 1847
3 1776
3 2004
3 2000
3 1907
2 2022
3 2043
3 2133
3 2265
3 2193
3 2275
3 2386
3 2403
3 2442
3 2411
3 479
3 607
2 604
3 717
2 715
2 790
3 803
3 928
3 1000
3 938
3 1071
3 1287
4 1236
3 1198
2 1204
3 1265
3 1319
3 1595
3 1429
3 1420
3 1582
3 1558
3 1640
3 1673
3 1715
2 1725
3 1803
3 1857
3 2041
2 2031
3 1991
3 2081
3 2184
2 2155
3 2253
3 2275
3 2400
3 2462
3 2442
3 486
3 563
2 785
3 665
4 755
3 790
3 778
3 855
3 1066
3 1061
3 1057
3 1066
3 1222
2 1279
4 1288
3 1349
3 1308
3 1325
3 1415
3 1502
3 1522
3 1538
3 1669
3 1685
3 1673
3 1834
3 1803
3 1850
3 2011
3 2054
4 2030
3 2077
3 2256
3 2159
3 2244
3 2264
4 2437
3 2329
3 635
2 2455
3 587
3 695
3 636
2 744
3 794
3 887
3 965
2 837
3 972
4 1022
2 1107
3 1135
3 1110
3 1212
3 1277
3 1438
3 1436
3 1385
3 1429
3 1568
3 1617
3 1636
3 1921
3 1738
3 1758
3 1861
3 1887
3 1934
3 2102
3 2019
3 2072
2 2187
3 2248
3 2177
4 2346
3 2369
3 2408
3 473
3 2456
3 569
2 642
3 694
3 764
3 729
3 893
3 962
3 1055
3 1080
3 1000
3 1053
4 1166
3 1237
3 1421
3 1282
3 1351
3 1399
2 1388
4 1501
3 1738
3 1523
3 1653
3 1666
3 1756
3 1940
3 1809
3 1919
3 1961
3 1947
3 1992
2 2051
3 2110
3 2200
3 2301
3 2380
4 2324
2 2380
3 2472
3 583
3 560
3 618
3 685
3 716
3 953
3 805
3 847
3 945
3 1030
3 1105
3 1152
3 1115
3 1237
3 1312
3 1347
3 1314
3 1375
3 1491
3 1468
3 1552
2 1573
3 1672
3 1672
3 1796
4 1826
4 1816
2 1956
3 1927
2 2006
3 2006
4 2177
3 2237
3 2251
3 2243
3 523
3 2399
3 2467
3 2424
3 550
3 622
3 666
3 947
3 686
3 782
3 894
3 933
3 1047
3 1005
3 1073
2 1153
3 1195
3 1278
3 1252
3 1334
3 1393
2 1417
3 1566
2 1494
4 1640
3 1656
3 1800
3 1702
3 1787
3 1788
2 2064
3 1960
3 1993
3 2050
2 2020
3 2198
3 2189
3 2454
3 2270
4 2278
3 2373
2 473
2 499
3 611
3 567
3 726
3 714
3 820
