7 2184
7 1343
7 1348
7 1374
7 1568
7 1563
7 1698
8 1723
7 1796
8 1938
7 2030
8 1985
8 2206
7 2134
7 2325
7 2370
7 2464
8 2473
7 695
7 640
7 677
8 769
7 856
7 827
7 915
7 1011
8 1083
8 1202
7 1231
7 1272
8 1380
7 1464
8 1519
7 1645
8 1636
7 1707
7 1918
7 1877
8 1999
7 1984
10 2050
7 2208
7 2400
7 2298
8 2345
7 2471
7 2501
7 636
8 866
7 702
9 846
7 870
7 1048
8 1132
7 1120
7 1143
7 1242
8 1408
7 1392
7 1605
8 1581
7 1658
7 1705
7 1844
7 1907
7 1846
8 2108
7 2122
7 2115
7 2294
7 2220
7 2394
8 598
7 2540
7 613
7 588
8 698
7 826
8 1001
7 960
7 967
7 1048
7 1216
7 1213
7 1322
7 1358
7 1387
8 1488
8 1649
8 1765
9 1741
7 1703
7 1853
7 1944
8 2072
7 2093
7 2095
7 2228
7 2368
7 2346
9 2444
7 2436
8 780
8 737
7 740
8 804
7 967
7 897
7 1182
9 1123
7 1106
7 1209
7 1228
8 1315
8 1469
7 1503
8 1509
7 1662
7 1676
7 1749
7 1840
8 1909
7 1924
8 2103
8 2155
7 2179
7 2259
7 2298
7 2536
7 2466
7 570
7 785
7 889
7 814
7 874
7 872
8 974
7 1037
7 1243
7 1257
7 1256
8 1359
9 1482
9 1419
7 1572
7 1625
7 1795
7 1740
7 1817
7 1957
7 1983
7 2125
8 2204
8 2180
8 2298
8 2431
8 2558
7 577
7 655
7 667
8 711
7 798
8 1123
7 978
7 1019
8 1166
8 1212
8 1297
7 1566
7 1405
7 1574
7 1603
8 1695
7 1696
8 1761
7 1873
7 1991
7 2002
7 2127
7 2079
7 2331
7 2308
8 2422
8 2477
8 2437
7 665
8 706
8 762
7 767
7 842
7 888
7 1076
7 1058
8 1177
7 1278
8 1286
7 1427
8 1436
7 1682
7 1642
7 1586
7 1690
9 1900
7 1872
7 1985
7 1955
7 2088
8 2201
8 2245
8 2319
7 2383
7 2497
7 599
7 717
7 809
7 747
8 734
8 928
7 969
7 1033
8 1041
7 1138
7 1160
8 1316
8 1317
8 1447
7 1455
8 1546
8 1810
7 1690
8 1797
7 1851
7 1897
7 1992
7 2082
7 2140
8 2099
7 2190
8 2361
7 2448
7 2526
8 2518
8 698
9 683
7 835
7 922
8 953
7 987
7 1135
7 1183
7 1305
7 1294
9 1289
8 1644
8 1539
7 1579
8 1693
8 1676
8 2011
7 1942
7 1901
7 2054
7 1977
7 2080
9 2180
7 2274
8 2388
7 2349
7 602
8 618
8 693
7 676
7 756
7 843
7 961
8 1078
8 1106
7 1149
7 1181
8 1321
7 1360
7 1464
7 1509
7 1688
9 1711
7 1682
8 1817
8 1883
7 2023
7 1943
7 2110
7 2112
7 2258
7 2175
7 2387
7 2455
7 2515
8 658
8 580
7 759
8 815
7 870
7 991
7 1009
7 1045
7 1172
7 1225
10 1280
7 1363
8 1384
8 1552
8 1579
7 1675
8 1869
7 1706
8 1841
8 2011
10 1971
7 2158
7 2084
7 2221
8 2268
7 2338
8 2400
8 2436
8 694
7 618
7 683
7 760
7 848
8 944
9 1080
7 1074
8 1241
9 1253
7 1256
7 1316
7 1457
7 1543
7 1659
8 1627
7 1682
7 1867
8 2038
7 1968
7 1944
8 2103
7 2189
7 2298
7 2483
8 2317
9 2488
7 2500
8 687
7 696
8 724
7 913
8 854
8 1136
7 1814
7 2038
7 1852
7 1935
7 1962
7 2093
8 2102
7 2115
7 2284
7 2351
8 2410
8 2468
7 2443
7 648
7 809
8 803
7 831
7 908
8 988
8 1019
7 1289
7 1283
7 1270
7 1296
8 1415
7 1477
7 1600
8 1677
7 1624
8 1810
7 1838
8 2014
8 1985
8 2076
7 2249
7 2220
7 2288
7 2443
8 2365
7 2563
7 664
7 692
7 680
7 773
7 1023
8 907
7 964
8 1067
8 1186
7 1186
7 1467
7 1331
7 1452
7 1484
8 1542
7 1650
7 1696
8 1794
7 1843
8 1906
7 2115
7 2098
8 2164
8 2312
7 2262
8 2441
7 2487
7 2550
7 659
7 626
7 800
7 821
8 951
7 992
7 1282
7 1131
9 1155
8 1246
7 1394
7 1469
8 1600
7 1595
8 1662
7 1672
7 1773
7 1821
7 1959
7 2086
7 2084
7 2124
8 2194
8 2325
7 2398
7 2494
7 2511
7 2519
7 651
8 727
8 839
7 915
7 899
7 961
8 1077
7 1106
7 1437
7 1315
7 1288
7 1433
7 1504
7 1638
7 1827
9 1642
7 1767
7 1888
7 1959
8 1984
7 1981
8 2224
8 2227
7 2326
7 2372
7 2360
7 2513
7 635
7 711
8 718
7 736
7 846
7 899
8 1084
7 1070
7 1219
8 1199
7 1296
8 1602
7 1439
8 1516
7 1644
7 1669
7 1852
7 1952
7 1905
7 1953
7 2049
9 2157
8 2223
7 2238
7 2310
7 2409
8 2484
7 705
7 664
7 657
7 900
8 822
7 891
7 977
8 1091
7 1110
8 1295
8 1311
8 1357
8 1469
8 1494
7 1874
7 1700
9 1879
8 1913
7 1838
8 2020
7 2241
7 2094
7 2163
7 2160
7 2256
7 2498
7 2513
7 581
7 568
7 746
8 739
7 828
7 877
7 944
7 987
8 1089
7 1142
8 1231
8 1306
7 1294
7 1450
8 1503
7 1554
7 1647
7 1775
7 1722
7 1904
7 1992
7 2062
7 2033
7 2357
7 2254
7 2274
7 2366
7 2380
7 2561
7 647
8 647
7 775
7 757
7 878
7 987
7 1025
7 1096
7 1208
7 1148
7 1348
7 1313
7 1447
8 1444
8 1527
7 1606
7 1675
8 1735
7 2032
7 1853
7 2016
7 2053
8 2185
7 2197
8 2364
7 2327
7 2479
7 2492
8 666
7 593
7 679
8 808
8 897
7 1018
7 977
7 1033
7 1229
7 1272
8 1318
8 1404
9 1441
7 1513
8 1603
8 1609
9 1703
7 1823
7 1822
7 1909
7 2108
7 2059
8 2133
7 2310
8 2277
7 2435
8 637
8 2413
7 638
7 715
7 826
7 791
7 889
8 1016
8 1055
9 1182
8 1133
8 1306
7 1317
7 1465
7 1505
7 1498
7 1640
7 1623
7 1793
8 1879
7 1849
8 1927
7 1976
7 2053
7 2338
7 2253
7 2339
7 2361
7 2426
7 2502
7 808
7 647
7 717
7 832
7 867
8 956
7 1064
8 1154
8 1084
7 1185
7 1294
8 1393
7 1473
8 1446
7 1578
8 1658
7 1670
7 1819
7 1781
7 1886
7 1923
7 2065
8 2156
8 2183
7 2476
7 2417
7 2479
7 2524
7 2501
10 710
8 840
7 854
8 853
7 891
7 960
7 1121
7 1097
8 1228
7 1364
7 1418
6 1485
7 1450
7 1579
8 1691
8 1614
7 1715
8 1824
8 1984
7 1964
8 1994
10 2098
7 2232
7 2241
7 2397
7 2522
8 2505
8 622
9 630
7 743
7 767
8 983
7 997
8 986
8 1071
7 1150
7 1186
7 1286
7 1418
7 1438
8 1614
6 1584
7 1640
7 1737
7 1880
8 1904
7 1916
8 2032
8 2107
7 2267
7 2275
7 2279
7 2432
7 2466
7 594
7 804
7 623
7 836
8 802
7 916
8 1047
7 1251
7 1057
7 1142
8 1252
7 1360
7 1491
7 1424
8 1625
8 1678
8 1727
7 1802
7 1795
7 1898
7 2046
8 2046
8 2222
7 2134
7 2360
7 2284
8 2474
7 2465
7 2474
7 631
7 684
7 979
7 902
7 840
8 993
7 1042
7 1059
8 1319
7 1232
7 1305
7 1400
7 1493
7 1563
7 1669
7 1700
7 1697
7 1823
7 1891
8 1987
7 2020
8 2077
7 2120
7 2312
8 2359
7 2310
7 2463
8 2577
7 666
7 666
7 751
7 833
7 1071
7 1063
7 1040
7 1111
8 1231
7 1279
7 1434
8 1447
7 1429
8 1481
8 1675
7 1655
9 1782
8 1844
7 1857
8 2007
8 2044
7 2238
8 2185
7 2213
8 2338
7 2473
7 2504
7 653
8 606
7 650
8 786
7 923
7 951
7 946
7 1021
8 1113
7 1258
7 1309
7 1349
7 1307
8 1697
8 1653
7 1653
8 1724
7 1838
8 1835
7 1919
7 2002
8 2098
7 2109
7 2243
8 2346
8 2484
8 2517
7 2485
7 620
7 777
7 859
7 913
7 976
7 988
8 1080
7 1234
8 1358
7 1399
7 1454
7 1473
8 1632
7 1609
8 1671
7 1879
7 1920
7 1909
7 2035
7 2205
8 2124
8 2326
7 2322
8 2458
8 2453
7 2533
7 602
7 708
7 704
7 912
7 912
7 937
8 1040
7 1166
8 1285
8 1324
7 1340
7 1468
7 1496
7 1663
7 1850
7 1699
7 1868
7 1854
8 1888
7 2201
7 2028
7 2225
7 2296
7 2361
7 2474
7 2395
7 619
7 647
6 766
7 824
7 843
8 914
8 1011
8 1070
7 1275
7 1264
7 1243
7 1390
8 1530
8 1497
7 1633
7 1598
7 1661
7 1861
7 2003
8 2023
7 1971
7 2105
8 2225
7 2306
7 2333
7 2341
7 2432
7 2564
7 662
7 659
7 679
7 813
7 933
7 1075
7 1020
7 1140
7 1203
7 1293
7 1286
7 1435
7 1447
7 1465
7 1618
7 1740
8 1688
7 1809
8 1825
7 1930
7 2196
7 2134
8 2232
8 2215
8 2278
7 594
9 2548
7 614
8 2564
7 696
8 850
7 818
8 910
8 951
7 1007
7 1150
7 1182
7 1240
8 1391
7 1310
7 1457
8 1559
7 1673
8 1678
8 1791
8 1835
7 1986
7 1932
8 2087
8 2060
8 2484
7 2272
7 2306
8 2465
8 2456
7 698
8 650
7 798
8 832
7 859
7 932
7 1072
7 1120
7 1181
7 1270
8 1296
7 1400
7 1462
7 1561
7 1639
7 1621
8 1686
9 1833
7 1989
7 1998
7 1997
