4 2509
4 881
4 928
4 1104
4 1157
4 1155
5 1263
4 1321
4 1395
4 1542
4 1530
3 1723
4 1711
4 1750
4 1749
4 1810
4 1840
4 1986
4 1985
4 2075
4 2123
4 2085
4 2261
4 2343
4 2341
4 2420
4 2430
4 500
4 550
4 597
4 728
4 741
4 913
4 951
4 1280
4 1033
4 1043
4 1146
4 1249
4 1345
4 1359
4 1587
4 1421
4 1569
4 1652
4 1727
4 1756
4 1728
4 1939
4 1953
4 1923
4 2051
4 2005
4 2141
4 2264
4 2240
4 2375
4 2353
4 2471
4 523
4 590
4 662
5 639
4 776
4 1061
4 1004
4 985
4 950
4 1169
4 1191
4 1210
4 1456
4 1291
4 1434
4 1478
4 1527
4 1545
5 1592
4 1714
3 1726
4 1845
4 1961
4 1956
4 1950
4 2108
4 2143
4 2245
4 2332
4 2341
4 2459
4 509
4 600
4 611
5 569
4 860
4 771
4 873
4 847
4 916
4 1039
4 1102
4 1215
3 1193
4 1199
4 1368
4 1350
4 1389
5 1593
6 1511
4 1514
4 1658
4 1740
4 1773
4 1831
4 1903
4 1946
4 2044
4 2110
4 2167
4 2151
4 2337
4 2371
4 2453
4 529
4 2493
4 582
4 739
4 792
4 846
4 848
4 993
4 1181
4 1181
4 1288
4 1234
4 1377
4 1362
4 1437
4 1557
4 1597
4 1655
4 1674
4 1747
4 1829
4 1905
4 1938
4 1998
4 2100
4 2151
6 2253
4 2197
4 2307
4 2348
4 2473
4 539
4 525
4 625
4 739
4 792
4 900
4 862
4 1174
5 1094
4 1175
4 1307
4 1213
4 1325
4 1427
4 1419
4 1467
4 1563
4 1566
4 1647
5 1753
4 1889
6 1881
4 1920
4 1966
5 2085
4 2149
4 2126
4 2166
4 2350
4 2315
4 2382
5 657
4 2477
4 558
4 626
4 701
4 782
4 1010
4 973
4 960
5 1109
4 1129
3 1079
4 1283
4 1269
4 1352
4 1355
4 1411
4 1486
4 1659
4 1656
4 1741
4 1865
4 1797
4 1924
4 1958
4 2081
4 2139
4 2100
4 2223
4 2340
4 554
4 2381
4 2410
4 509
4 602
4 753
4 760
4 769
4 907
4 921
4 1041
4 1097
4 1081
5 1270
4 1242
4 1348
4 1386
4 1380
4 1504
4 1581
4 1634
4 1626
4 1724
4 1741
4 1937
4 1969
4 2001
4 2100
4 2027
4 2232
4 2456
4 2357
4 2344
4 2390
4 541
4 538
4 596
4 936
3 719
4 867
4 956
4 952
4 1135
4 1012
4 1155
4 1263
5 1243
4 1340
4 1362
5 1499
4 1524
4 1559
4 1704
4 1688
4 1749
4 1828
4 1947
4 2028
4 2071
4 2061
4 2397
5 2210
4 2327
5 2355
4 2357
4 505
4 536
4 845
4 726
4 721
5 899
3 922
4 925
5 1086
4 1058
4 1235
4 1201
4 1342
4 1338
4 1372
4 1462
4 1489
4 1627
4 1723
4 1744
4 1737
4 1919
4 1961
4 1989
4 2099
4 2246
4 2278
4 2332
3 2448
4 2427
4 2470
4 534
4 723
4 767
4 837
4 751
4 992
4 981
4 1147
4 1215
4 1200
4 1281
4 1324
4 1459
4 1452
4 1508
4 1568
4 1612
3 1732
4 1800
4 1858
4 1830
4 1954
4 2074
4 2064
4 2351
4 2160
4 2275
4 2360
3 2341
4 498
4 2483
4 731
4 721
4 812
4 823
4 843
4 922
4 1003
4 1089
4 1079
4 1074
4 1298
4 1274
4 1305
4 1419
4 1437
5 1489
4 1575
4 1664
3 1667
5 1778
4 1771
4 1868
4 1947
5 2207
4 2088
4 2007
4 2233
4 2275
4 2383
4 2446
4 555
4 538
4 556
4 633
4 679
4 703
4 924
5 929
4 958
5 1094
4 1034
4 1216
4 1182
4 1282
4 1371
4 1401
4 1485
4 1544
4 1577
4 1726
4 1712
4 1729
4 1849
4 2147
4 2039
4 2052
4 2080
4 2178
5 2308
4 2314
4 634
4 2382
4 579
4 602
4 614
4 787
4 744
4 892
4 1008
4 1078
4 1098
4 1073
4 1274
4 1311
4 1329
4 1350
4 1392
5 1511
4 1630
4 1665
4 1669
4 1755
4 1763
4 2149
4 1956
4 2080
4 2104
4 2092
4 2226
6 2253
4 535
4 2506
5 2374
4 545
4 604
4 631
4 758
4 752
4 799
4 954
4 1053
5 1107
4 1090
4 1218
4 1352
4 1351
4 1430
4 1432
4 1461
4 1555
4 1675
4 1706
4 1854
4 1790
4 1951
4 1981
4 2117
4 2137
4 2143
4 2309
4 527
4 2434
4 2467
4 2424
4 611
4 604
4 752
4 742
4 782
4 910
3 1044
5 1069
4 1127
4 1114
4 1233
4 1295
4 1370
4 1443
4 1427
4 1531
4 1624
4 1635
4 1757
4 1818
5 1808
4 1905
4 1967
4 2083
4 2172
4 2145
4 2487
4 2369
4 2454
6 2467
4 520
4 596
4 705
4 817
4 930
4 852
4 986
5 1059
4 1109
4 1225
4 1170
4 1291
4 1354
4 1429
5 1521
6 1521
4 1706
4 1673
4 1717
4 1817
4 2048
5 1823
4 1972
4 2099
4 2146
4 2242
4 2210
4 2332
4 2421
4 2481
4 522
4 2471
4 577
4 695
4 765
5 832
4 817
4 949
4 1020
4 1106
4 1139
4 1126
4 1308
4 1377
4 1328
4 1416
4 1438
4 1447
4 1545
4 1600
5 1927
4 1759
4 1859
5 1958
4 1988
5 2055
4 2066
4 2325
4 2209
5 2271
4 2364
4 2344
4 2367
6 512
5 588
4 619
4 699
5 681
4 841
4 939
4 1049
4 986
5 991
4 1177
4 1226
4 1287
4 1381
4 1334
4 1393
4 1488
4 1680
4 1609
4 1711
5 1794
4 1903
4 1955
4 1994
4 2196
4 2043
4 2102
4 2145
4 2259
4 2407
4 2383
4 2451
4 546
4 580
4 658
4 628
4 849
4 910
4 918
4 1076
4 1017
4 1139
4 1219
4 1262
4 1278
5 1317
4 1386
4 1662
4 1571
6 1587
4 1696
4 1704
4 1798
4 1898
5 2142
4 1952
4 1985
4 2067
4 2178
4 2229
5 2370
5 2305
4 2367
4 2477
4 600
4 589
4 619
4 758
4 846
4 1019
3 1017
4 1001
4 1088
4 1209
4 1280
4 1298
5 1312
4 1580
4 1465
4 1508
4 1631
4 1701
4 1673
4 1779
4 2083
4 1902
4 1937
5 1990
4 2182
4 2185
4 2227
4 2353
4 2296
4 2375
4 2412
4 542
4 685
4 571
4 725
4 794
4 918
4 909
4 928
4 1033
4 1114
4 1183
4 1259
4 1437
4 1306
4 1423
4 1476
5 1560
4 1623
4 1650
4 1965
4 1899
4 1960
4 2012
4 1974
4 2081
4 2038
5 2186
4 2295
4 2256
5 2302
4 2372
3 511
5 581
4 529
4 742
4 735
5 883
4 885
4 901
4 1070
4 1083
4 1215
4 1338
4 1240
4 1342
4 1387
4 1489
4 1566
4 1581
4 1763
4 1771
4 1837
4 1867
4 1923
4 1993
4 2102
4 2192
4 2149
4 2292
4 2295
4 2477
4 511
4 570
4 596
4 601
4 750
4 778
4 903
4 931
4 935
4 1076
4 1147
4 1165
4 1209
5 1272
4 1334
4 1455
4 1564
4 1540
4 1810
4 1606
4 1721
4 1786
4 1798
4 1943
4 1893
4 2016
4 2164
4 2119
4 2261
5 2212
4 2416
5 2429
4 534
4 600
4 565
4 788
4 765
4 815
4 882
4 898
4 1135
4 1183
4 1293
4 1260
4 1244
4 1380
4 1443
4 1554
4 1710
4 1626
4 1610
4 1728
4 1856
4 1876
4 1958
4 1942
4 2002
4 2148
4 2174
4 2279
4 2233
4 2340
5 2472
4 2459
4 545
4 596
5 769
4 837
4 869
4 914
4 896
5 1011
4 1241
4 1296
4 1253
4 1281
4 1341
4 1406
4 1606
4 1499
4 1592
4 1691
4 1771
4 1838
4 1898
4 1920
4 1966
4 2081
4 2218
4 2251
4 2304
4 2245
4 2424
4 553
4 532
4 615
4 586
4 810
4 798
4 913
4 923
4 949
4 1190
4 1197
4 1146
4 1280
4 1264
4 1355
4 1562
4 1443
4 1504
4 1591
4 1598
4 1759
4 1788
4 1858
4 1931
4 1932
4 2052
4 2185
4 2243
4 2345
4 2225
4 2322
4 2414
4 528
4 591
4 544
4 686
4 750
4 844
4 899
4 1086
4 1042
4 1070
4 1199
4 1143
4 1185
4 1454
4 1417
4 1511
4 1496
4 1607
4 1577
4 1717
4 1826
4 1881
4 1986
4 1924
4 2037
4 2096
4 2170
4 2241
4 2179
4 2300
4 2417
4 2513
5 2495
4 550
4 651
4 707
4 780
4 1139
4 882
4 1036
4 1061
4 1199
4 1186
4 1413
4 1293
4 1455
4 1533
4 1516
4 1635
4 1547
4 1699
4 1842
4 1895
4 1952
4 1947
4 2022
4 2097
5 2151
4 2191
4 2222
4 2302
4 2425
4 2463
4 599
4 577
5 705
4 796
4 917
4 956
4 903
4 1051
4 1048
4 1214
4 1354
4 1241
4 1370
4 1476
4 1507
4 1581
4 1683
4 1730
4 1777
4 1830
5 1931
4 1996
4 1960
4 2071
4 2157
4 2179
4 2251
4 2264
4 2374
4 2481
4 569
4 706
4 603
4 774
4 937
4 1015
4 929
4 963
4 1091
4 1195
4 1381
4 1320
4 1364
4 1400
4 1494
4 1555
4 1683
4 1784
4 1751
4 1811
4 1989
4 1988
4 2096
4 2052
4 2183
5 2294
4 2260
4 2416
4 2354
4 2457
4 570
4 611
4 723
4 696
4 1063
4 900
4 962
4 1062
4 969
4 1150
4 1345
4 1300
4 1294
4 1360
4 1377
4 1466
4 1580
4 1689
4 1676
4 1731
4 1835
4 1915
4 1958
4 2035
5 2031
4 2193
4 2208
4 2250
4 2322
4 2402
4 2418
4 490
4 560
4 699
5 866
4 835
4 894
