7 1393
6 589
6 577
6 682
6 791
7 1026
6 894
6 942
6 1086
6 1076
6 1295
7 1270
7 1324
6 1315
6 1458
6 1572
6 1704
6 1696
6 1728
6 1886
7 1919
6 1963
7 2025
6 2050
6 2154
6 2243
6 2344
6 2426
6 2472
6 802
6 662
6 799
6 827
6 768
6 908
6 1132
6 1126
6 1102
6 1243
6 1215
6 1301
6 1348
6 1453
6 1530
6 1562
6 1676
6 1745
7 1848
6 1965
6 2011
7 2100
6 2072
6 2140
6 2273
7 2275
6 2381
6 2518
6 2534
6 705
7 821
6 802
6 830
6 895
6 981
6 1073
7 1381
6 1301
6 1328
6 1391
6 1505
7 1455
6 1577
6 1696
6 1786
7 1910
7 1836
6 1951
6 1998
6 2186
6 2148
6 2161
7 2347
6 2383
5 2431
6 2513
6 551
6 651
6 729
6 852
6 1040
6 929
6 1002
6 1156
6 1237
6 1294
6 1539
6 1297
6 1439
7 1499
6 1612
7 1652
6 1667
6 1893
6 1899
6 2086
6 2089
6 2057
6 2262
6 2263
6 2365
6 2398
6 2416
6 606
6 635
6 746
6 820
6 807
6 904
6 994
6 1281
6 1128
6 1131
6 1303
6 1283
6 1418
7 1607
6 1538
6 1632
6 1720
7 1752
6 1877
7 1885
6 1908
7 2074
6 2109
6 2252
6 2274
6 2249
6 2355
6 2556
6 612
6 638
6 629
6 813
6 854
6 942
7 1009
6 984
6 1098
6 1308
6 1274
6 1316
6 1437
6 1389
6 1453
6 1542
6 1668
6 1751
6 1771
6 1845
7 1909
6 2038
7 2108
7 2051
6 2243
6 2229
6 2408
6 2429
6 2377
6 2463
7 680
6 669
6 814
6 700
6 835
6 903
6 939
6 1140
6 1134
6 1372
7 1364
6 1377
6 1411
6 1503
6 1479
6 1649
6 1960
6 1843
6 2009
6 1874
6 2014
6 2008
6 2136
6 2237
6 2190
6 2419
6 2436
6 2440
6 545
6 2531
6 730
6 832
7 846
6 904
7 1004
6 1092
6 1300
6 1233
6 1300
6 1424
6 1435
6 1530
6 1633
6 1685
6 1743
7 1776
7 2025
6 1966
6 2052
6 2150
6 2191
6 2279
6 2395
6 2420
6 2451
6 2490
6 614
6 673
6 797
6 858
7 885
6 940
6 1082
7 1119
6 1175
6 1347
6 1270
6 1445
6 1509
6 1583
6 1855
6 1617
6 1829
6 1860
6 1989
6 2075
7 2180
6 2145
6 2281
6 2261
6 2414
6 2392
7 2521
6 639
6 706
6 725
6 713
6 893
6 917
6 944
6 1127
6 1128
6 1182
7 1299
6 1354
7 1426
6 1521
6 1595
7 1623
6 1718
6 1935
6 1830
6 1854
6 1996
6 2116
6 2114
6 2419
6 2212
7 2325
6 2374
6 2432
6 571
6 562
6 727
6 815
6 825
6 909
6 886
6 1042
7 1056
6 1222
6 1231
6 1294
6 1365
6 1480
6 1481
6 1550
6 1727
6 1673
6 1860
6 2026
7 1925
6 2004
6 2022
6 2133
7 2279
6 2523
6 2315
7 2369
6 2476
6 562
6 592
7 773
6 690
7 865
6 972
6 985
7 1114
6 1050
6 1154
6 1304
6 1306
6 1421
6 1559
6 1475
7 1610
6 1790
6 1864
6 1837
7 1829
6 2311
6 2121
6 2166
6 2278
6 2232
6 2376
6 597
6 2539
6 571
6 635
6 750
6 769
6 892
6 887
6 970
6 1067
6 1117
6 1196
6 1306
6 1413
6 1389
6 1485
6 1637
6 1695
6 1710
6 1696
6 1779
6 1972
6 2025
6 2060
6 2186
6 2272
7 2218
6 2301
7 2424
6 2450
6 808
6 576
6 689
6 781
6 762
6 830
6 886
6 1019
6 1081
6 1027
6 1141
7 1303
6 1281
7 1366
6 1478
6 1505
6 1606
6 1668
6 1757
6 1874
6 1848
6 1996
6 2087
6 2113
6 2275
6 2110
6 2187
6 2358
6 2345
6 2475
6 637
6 585
6 636
6 668
6 858
6 791
6 872
6 977
6 1141
6 1080
7 1142
6 1205
6 1456
6 1433
6 1572
7 1584
6 1589
6 1720
6 1861
6 1835
6 1950
6 1993
6 2175
6 2145
6 2365
6 2258
6 2314
6 2447
6 2483
6 657
6 863
6 633
6 792
6 861
7 931
5 1058
6 1056
6 1124
6 1187
6 1266
6 1345
6 1446
6 1429
6 1574
6 1594
6 1720
6 1824
6 1822
6 1886
6 1962
6 2111
7 2122
6 2099
6 2292
6 2413
6 2436
6 2457
6 2467
6 630
6 745
6 1059
6 863
6 902
6 965
6 1084
6 1171
6 1253
6 1253
6 1362
6 1421
6 1459
6 1599
6 1705
7 1751
7 1860
6 1907
6 2005
6 2081
6 2044
6 2251
6 2345
6 2303
6 2380
6 2477
7 672
6 749
6 785
7 849
7 815
6 911
6 1093
6 1099
6 1137
6 1220
6 1240
6 1394
6 1425
6 1532
6 1562
6 1558
7 1686
6 1834
6 1863
6 1905
6 1943
6 2167
6 2232
6 2228
6 2285
7 2311
6 2421
6 2533
6 641
7 778
6 850
6 796
6 813
6 954
6 1037
7 1079
6 1121
6 1387
6 1326
6 1316
6 1484
6 1473
7 1663
7 1744
6 1829
6 1876
6 1811
7 1900
6 1966
6 2103
6 2218
6 2159
6 2350
6 2428
6 2437
6 617
6 549
6 680
6 824
6 804
6 1152
6 875
6 1019
7 1083
6 1212
7 1217
6 1380
6 1525
7 1480
6 1560
6 1674
6 1656
6 1764
6 1774
6 1848
6 1915
7 2139
7 2062
7 2176
6 2261
6 2389
6 2435
6 2453
7 608
6 678
6 761
7 796
6 804
6 901
6 980
6 1290
6 1138
6 1215
6 1244
7 1386
6 1418
6 1437
6 1721
7 1577
6 1746
6 1799
7 1797
6 1868
6 2025
6 2104
6 2126
6 2171
6 2253
6 2268
6 2396
7 2396
6 603
6 699
6 652
6 831
6 841
6 928
6 1046
6 1012
6 1143
6 1432
7 1297
6 1421
7 1455
6 1448
6 1579
6 1667
6 1801
6 1790
6 1773
6 1966
7 2026
6 2041
6 2184
6 2091
6 2204
6 2329
6 2449
7 2440
6 2481
5 626
6 718
6 786
6 789
6 810
6 974
6 989
6 1142
6 1231
6 1180
7 1400
6 1378
6 1377
6 1483
6 1553
6 1550
6 1723
6 1982
6 1795
6 1909
6 2001
6 2061
6 2168
6 2174
7 2207
6 2262
6 2367
6 2434
6 594
6 606
6 597
6 708
6 840
6 839
6 907
6 928
7 1049
6 1072
6 1184
6 1305
6 1457
6 1334
7 1459
7 1456
6 1606
6 1711
6 1747
6 1950
6 1841
6 1924
6 2071
7 2045
6 2255
6 2201
6 2330
6 2345
6 2379
6 2493
6 649
6 737
6 813
6 746
6 901
7 1012
7 1034
6 1092
6 1094
6 1180
6 1216
6 1290
6 1562
7 1537
6 1524
6 1678
6 1777
6 1864
6 1906
6 2067
6 2184
6 2066
6 2152
6 2258
6 2262
6 2397
7 2474
6 567
7 704
6 649
6 811
6 802
6 957
6 964
6 1051
6 1066
6 1235
6 1310
6 1408
6 1439
6 1425
6 1538
6 1757
6 1681
6 1834
6 1723
6 1881
6 2032
6 2096
8 2283
6 2091
6 2181
6 2328
6 2330
6 2454
6 2409
7 570
6 722
6 789
6 872
6 823
6 947
6 1086
6 1104
6 1150
6 1231
6 1341
6 1430
6 1465
6 1479
6 1589
6 1705
6 1880
6 1881
6 1891
6 1985
6 1922
6 2076
6 2123
6 2379
6 2365
7 2297
7 2483
6 2490
6 606
6 642
6 664
6 790
6 917
6 922
6 1036
6 1039
6 1106
6 1248
6 1293
7 1388
6 1458
6 1484
6 1660
6 1689
6 1775
6 1807
6 1971
6 1859
6 2046
7 2042
6 2090
6 2111
6 2260
6 2482
7 2403
6 2514
6 2458
7 689
6 704
6 785
7 834
6 842
7 959
6 1046
6 1123
6 1179
6 1212
7 1228
6 1399
6 1460
7 1551
6 1572
6 1657
6 1856
6 1784
6 1871
6 2052
6 1964
6 2122
6 2256
7 2278
6 2338
6 2357
7 734
7 563
6 690
6 801
6 798
6 849
6 1030
6 1042
6 1086
6 1109
6 1161
6 1258
6 1359
6 1407
6 1545
7 1545
7 1692
6 1810
6 1815
6 1821
6 1868
6 2060
7 2029
6 2333
7 2248
6 2199
6 2299
6 2434
6 2522
6 604
6 744
6 784
6 833
6 942
6 957
6 978
6 1010
6 1133
7 1266
6 1264
6 1367
6 1387
6 1537
6 1610
6 1722
6 1850
6 1804
6 1885
7 1937
6 2033
6 2119
7 2102
6 2202
6 2494
6 2467
6 2444
6 2436
6 588
7 752
6 781
6 1024
7 975
6 975
6 1039
6 1178
7 1226
6 1275
6 1266
6 1412
6 1507
6 1594
6 1670
6 1629
6 1812
6 1862
6 1987
6 2024
6 2008
6 2166
6 2183
6 2256
6 2367
6 2354
6 712
6 555
6 699
6 775
6 757
6 940
6 990
6 1172
6 1128
6 1143
6 1234
6 1310
6 1318
6 1410
6 1498
6 1548
6 1693
6 1760
6 1780
7 1866
6 1847
6 2047
6 2075
6 2197
6 2174
6 2257
6 2339
6 2463
7 2509
6 573
6 825
6 739
6 797
7 832
6 983
6 950
6 1049
6 1277
6 1269
6 1303
6 1359
6 1398
7 1453
6 1534
6 1655
6 1779
6 1743
6 1799
6 1897
7 1974
6 2079
6 2101
6 2291
6 2368
6 2410
6 2428
6 2510
6 580
7 777
6 773
6 987
8 909
6 935
6 1066
6 1188
6 1145
6 1226
6 1414
6 1396
6 1468
6 1509
6 1535
6 1610
6 1813
6 1867
6 1848
6 1910
6 1978
6 2077
6 2168
6 2244
6 2377
6 2331
6 2443
6 548
6 611
6 814
6 679
6 822
6 870
6 1086
6 1029
6 1146
7 1128
6 1228
7 1405
6 1362
6 1447
6 1464
7 1583
