8 2286
9 872
8 811
9 896
9 935
8 968
9 1136
9 1190
9 1219
9 1398
8 1324
9 1437
8 1563
8 1596
9 1730
8 1720
9 1862
8 1853
8 1902
10 2116
8 2016
9 2228
8 2261
8 2344
9 615
9 2415
8 2572
8 618
8 775
9 765
8 752
9 998
8 944
9 1003
10 1124
8 1203
9 1183
9 1264
8 1398
8 1466
8 1620
9 1626
8 1686
9 1760
9 1865
9 1925
9 1924
8 1988
8 2080
9 2243
9 2267
10 2304
8 2438
8 2587
9 785
8 633
8 691
10 872
8 965
9 960
8 966
8 1276
8 1097
8 1259
8 1348
9 1394
8 1496
8 1411
8 1579
10 1666
9 1767
9 1782
8 1825
8 1914
9 1943
8 2005
8 2198
10 2170
8 2209
9 2368
9 2456
8 2596
8 2525
9 688
8 880
10 773
9 1002
8 952
8 961
9 1208
9 1174
8 1429
8 1430
9 1364
8 1506
9 1635
9 1597
9 1727
9 1749
9 1824
9 1863
9 1949
8 2024
10 2078
9 2211
8 2341
10 2408
9 2478
9 2416
10 620
10 2596
8 669
9 847
9 825
8 1007
8 1004
9 1114
8 1153
8 1303
9 1235
8 1359
8 1613
10 1542
8 1556
9 1641
8 1663
9 1670
8 1838
9 1927
9 1944
9 2068
8 2179
9 2256
8 2420
9 2322
8 2486
8 632
9 596
8 727
9 770
9 789
8 911
8 1100
8 1061
8 1386
9 1294
8 1285
10 1364
8 1425
8 1600
8 1542
8 1764
8 1725
8 1874
9 1962
8 1918
9 2085
9 2063
8 2127
10 2242
8 2198
9 2384
9 2408
9 2526
8 630
9 2588
8 680
9 773
8 871
8 980
8 979
8 994
8 1182
9 1175
8 1422
8 1405
8 1370
8 1493
9 1586
9 1604
8 1629
10 1844
8 1812
8 1873
9 1958
9 2018
9 2099
8 2240
8 2266
8 2433
9 2468
9 2395
9 2530
8 681
8 674
8 745
8 790
8 875
8 977
8 992
8 1088
9 1169
8 1243
9 1396
8 1575
8 1474
8 1527
8 1527
9 1655
8 1796
8 1759
9 2023
8 1837
8 2043
8 2079
9 2130
9 2302
8 2298
9 2499
8 2590
9 2591
9 686
9 643
8 749
9 920
8 875
9 1103
9 1075
10 1165
8 1299
9 1305
9 1351
8 1458
8 1483
10 1777
9 1679
9 1769
8 1715
9 1883
9 1849
8 1955
9 2206
8 2159
9 2091
9 2304
8 2350
8 2407
9 2555
8 2482
8 2565
8 788
8 718
9 849
9 826
8 929
8 1033
9 1171
8 1221
8 1334
10 1271
9 1428
9 1538
9 1550
8 1600
8 1861
8 1811
8 1914
8 1916
8 1979
8 1903
9 2104
8 2318
8 2200
8 2327
10 2371
8 2574
9 2591
9 663
9 751
8 734
8 861
8 987
8 1093
8 1066
9 1260
8 1210
9 1358
8 1480
9 1543
9 1552
8 1559
9 1722
9 1816
8 1915
8 2046
9 1903
8 2026
8 2171
9 2314
9 2294
8 2282
8 667
10 2589
8 654
9 739
9 744
9 892
8 982
8 974
8 1035
10 1093
8 1146
9 1273
9 1319
9 1463
8 1577
8 1519
9 1698
8 1704
8 1796
8 1906
8 1937
8 2039
9 2121
8 2450
8 2300
8 2265
8 2430
8 2537
8 2532
9 631
8 808
8 689
9 914
9 918
8 987
9 1053
8 1062
9 1224
8 1309
8 1386
9 1461
10 1511
10 1524
8 1619
8 1689
8 1757
9 1804
9 1934
10 1962
8 2059
9 2135
7 2133
9 2366
9 2548
9 2443
8 2479
8 2520
8 2593
10 671
9 809
8 1018
8 896
8 904
9 1104
8 1168
8 1158
8 1340
8 1277
10 1439
8 1457
8 1552
9 1675
9 1592
8 1720
9 1854
8 1926
8 1943
9 1946
8 2164
8 2238
9 2314
8 2381
9 2425
8 724
9 618
8 649
8 792
8 795
8 850
8 1004
10 1154
8 1200
8 1181
8 1210
9 1294
8 1458
8 1518
8 1500
8 1650
9 1709
8 1749
8 1859
9 1925
8 1924
8 2076
8 2054
9 2202
8 2205
8 2260
8 2404
9 2507
10 2561
8 666
8 813
9 730
8 926
8 859
9 969
9 1062
9 1105
9 1289
8 1201
9 1320
9 1351
8 1446
9 1545
8 1609
8 1713
8 1729
9 1809
8 1920
8 1938
9 2068
8 2099
8 2164
8 2314
8 2370
8 2424
8 2502
9 2567
8 642
8 789
9 831
8 1011
8 961
8 965
8 1112
8 1202
8 1222
9 1347
8 1481
9 1537
8 1538
9 1624
8 1659
9 1665
8 1772
8 1939
9 1921
8 2063
8 1978
10 2131
8 2188
9 2319
9 2402
8 2379
9 2572
9 2606
8 734
8 813
8 768
9 903
9 990
9 1195
8 1180
8 1213
10 1164
8 1299
8 1321
8 1415
9 1687
8 1523
8 1618
8 1727
8 1745
8 1915
9 1850
9 2055
9 2143
9 2123
8 2279
8 2269
8 2374
8 2527
9 2487
10 682
8 615
8 692
10 777
8 900
8 956
9 1031
8 1062
9 1429
8 1160
8 1355
9 1394
9 1359
9 1563
8 1620
8 1718
8 1670
9 1724
9 1875
9 1979
8 2066
8 2165
8 2045
8 2244
8 2359
8 2368
8 2466
9 2483
9 2574
9 692
8 810
8 800
9 897
9 944
9 1077
9 1129
10 1223
8 1334
9 1424
9 1469
8 1605
8 1571
8 1618
8 1677
8 1763
10 2023
8 1965
8 1993
9 2009
9 2165
9 2267
9 2308
9 2338
8 2341
8 2532
9 2540
9 619
9 761
9 772
9 835
8 1064
9 1117
8 1124
10 1240
9 1258
8 1400
8 1419
9 1533
8 1678
9 1556
8 1632
8 1730
9 1880
9 1999
9 1886
8 2272
8 2092
8 2176
9 2323
10 2291
8 2489
8 2509
9 648
8 665
8 658
8 852
8 898
8 912
10 1030
8 1086
8 1074
8 1248
8 1299
8 1428
9 1471
8 1502
8 1624
10 1766
10 1899
9 1822
8 1828
9 2028
8 2002
8 2071
8 2150
8 2358
8 2447
8 2461
9 2522
8 2564
9 2606
8 755
8 871
8 928
8 953
10 1048
9 1075
9 1177
8 1233
9 1320
9 1426
8 1407
10 1496
8 1652
11 1672
9 1783
8 1799
9 1868
10 2098
8 2089
8 2144
10 2062
8 2264
9 2355
8 2508
10 640
8 2487
9 621
10 755
9 770
8 830
9 847
9 928
9 990
8 1056
8 1183
9 1240
8 1255
9 1353
8 1463
9 1562
8 1579
9 1597
8 1713
9 1862
8 1912
9 1996
8 1938
8 2282
8 2175
9 2217
8 2337
9 2311
9 2529
8 2523
8 794
9 672
8 726
9 837
8 857
9 998
9 1044
9 1180
8 1122
9 1239
10 1332
9 1466
9 1565
9 1501
11 1737
8 1679
9 1842
9 1860
8 1881
8 2002
10 2090
9 2100
8 2149
8 2349
9 2388
8 2483
9 2479
9 2553
8 2603
8 706
9 1006
8 845
8 1006
8 1020
8 1065
8 1244
9 1298
8 1352
8 1406
8 1465
9 1480
9 1696
10 1683
9 1664
8 1734
8 1836
9 1938
8 2043
10 2130
9 2082
9 2299
8 2287
8 2442
8 2526
9 2473
8 2564
8 647
8 735
8 860
9 880
8 1060
8 988
10 1099
9 1209
9 1257
8 1273
9 1397
9 1523
8 1491
8 1580
8 1563
8 1776
9 1841
8 1856
9 1883
9 1933
9 2103
8 2369
8 2168
9 2249
8 2286
10 2434
8 619
8 615
8 634
8 715
9 817
8 856
8 892
8 947
9 1224
8 1068
8 1216
8 1318
9 1380
9 1432
8 1425
8 1503
8 1609
9 1639
8 1713
9 1878
9 1962
9 1924
8 2143
8 2099
9 2169
8 2423
8 2337
8 2446
8 2532
10 2561
9 766
8 713
9 822
9 963
8 942
8 1037
8 1097
8 1212
10 1425
9 1436
8 1301
8 1537
8 1536
8 1622
8 1717
8 1647
9 1869
9 1862
8 2023
9 2128
9 2042
8 2266
8 2282
8 2423
8 2521
9 2611
8 621
9 735
9 780
8 862
9 825
8 879
8 1005
8 1071
8 1163
8 1305
8 1332
8 1436
9 1770
8 1627
8 1637
8 1645
8 1753
8 1866
8 1903
9 2030
8 1994
8 2157
8 2190
9 2329
8 2451
8 2410
9 2581
8 649
9 717
8 944
9 812
8 846
8 982
10 1084
9 1139
8 1233
8 1171
8 1360
8 1458
8 1525
8 1525
9 1527
8 1765
8 1789
8 1834
8 1974
9 1887
9 2039
9 2103
8 2242
9 2273
8 2264
8 2440
8 2587
10 2546
8 629
8 638
9 741
8 909
9 983
8 961
8 1116
8 1069
8 1248
8 1284
8 1304
8 1376
8 1431
9 1493
9 1606
8 1669
10 1682
9 1917
9 1871
9 1899
8 2019
8 2124
9 2056
9 2301
8 2306
9 2274
8 2508
8 2420
10 2576
9 673
8 791
8 865
9 866
8 934
9 1145
8 1153
8 1251
8 1251
8 1286
8 1355
8 1529
8 1538
9 1670
8 1604
8 1735
9 1812
8 1927
9 2252
8 1980
9 2134
9 2230
9 2327
9 2445
8 2347
9 2556
8 2496
8 608
9 714
8 712
9 802
8 946
9 1037
8 1152
8 1145
8 1329
9 1310
9 1401
9 1421
10 1515
9 1488
10 1629
9 1701
9 1773
10 1817
8 1842
8 1944
9 2164
8 2209
8 2284
8 2186
8 2441
9 2378
8 2547
9 2599
8 2520
8 618
9 713
10 836
9 870
8 960
9 1001
10 1125
9 1168
10 1287
8 1474
8 1359
10 1512
8 1572
9 1637
8 1615
9 1710
8 1819
9 1876
9 2013
8 2078
8 2001
9 2225
9 2476
10 2352
8 2403
9 2416
9 2492
9 599
9 711
8 686
8 767
9 907
8 975
8 1053
8 1206
8 1213
8 1219
8 1375
8 1399
8 1702
8 1544
9 1588
9 1732
9 1695
8 1819
8 1850
9 1942
8 2063
8 2180
8 2274
8 2246
8 2252
9 2574
8 2485
8 2570
9 614
10 657
9 786
8 822
8 902
10 1052
