8 2500
7 1835
7 1845
6 1841
6 1898
7 2007
7 2070
7 2261
7 2243
6 2323
6 2340
7 2435
8 648
7 575
6 762
7 717
7 806
7 912
8 989
7 1007
7 1085
6 1164
7 1237
7 1340
7 1433
7 1522
7 1513
7 1808
6 1753
6 1772
7 1795
8 1825
7 2029
7 2054
7 2107
7 2228
7 2207
7 2360
7 2403
7 583
7 585
7 613
7 794
7 763
6 815
7 907
6 964
7 1051
7 1147
6 1258
7 1496
7 1363
7 1431
7 1434
7 1562
6 1597
7 1663
7 1895
7 1836
6 1899
6 1975
6 2034
7 2059
7 2173
7 2313
7 2408
6 2472
6 2399
7 609
6 570
7 731
6 819
7 754
7 848
7 1032
6 1018
6 1133
6 1165
7 1181
6 1325
7 1489
7 1484
7 1571
7 1563
7 1654
7 1793
7 1823
7 2090
7 1851
7 2060
7 2050
7 2147
7 2339
7 2282
7 2430
7 2454
7 561
6 626
7 629
7 810
6 771
6 863
7 970
7 1008
7 1128
6 1136
7 1197
7 1347
6 1371
7 1389
6 1724
7 1628
7 1718
8 1732
6 1776
6 1974
7 1959
7 2206
7 2128
7 2120
7 2245
7 2292
7 2474
6 2482
7 2516
6 653
7 855
7 831
6 878
6 913
7 1094
7 1192
7 1179
7 1276
7 1306
7 1266
6 1507
7 1513
6 1545
6 1637
6 1793
7 1766
7 1829
7 1947
7 2008
6 2054
6 2196
7 2414
6 2408
7 2352
7 2397
7 634
7 616
7 745
7 784
7 731
7 957
6 1023
7 1062
7 1196
7 1139
7 1174
7 1403
6 1388
7 1466
6 1621
7 1508
7 1670
7 1791
7 1840
6 2160
7 1917
7 2030
7 2146
8 2301
6 2266
7 2368
6 2416
7 2540
7 598
7 664
6 681
7 790
7 860
7 994
7 1053
7 1179
7 1179
7 1239
7 1375
6 1408
7 1487
6 1493
7 1596
7 1708
6 1757
7 1814
7 1864
7 1996
6 2004
7 2368
7 2267
7 2199
7 2372
7 2354
6 2506
6 2550
6 2518
7 665
7 825
7 762
7 863
7 916
6 1069
7 1058
7 1166
7 1316
6 1329
7 1435
7 1456
6 1600
7 1548
7 1617
8 1708
7 1749
7 1822
7 1930
8 2009
7 2014
7 2185
7 2373
7 2255
6 2400
6 2366
7 2503
7 570
6 670
7 825
7 923
6 785
7 939
6 1039
7 1085
7 1058
7 1187
7 1225
7 1363
6 1382
7 1510
6 1486
7 1651
6 1736
6 1796
7 1823
6 1839
7 1969
6 2053
7 2076
8 2227
7 2186
6 2346
7 2373
6 2419
7 2531
8 2533
7 630
8 746
6 766
7 1003
6 842
7 909
7 1054
7 1070
6 1172
7 1289
6 1255
6 1491
6 1523
7 1591
7 1673
7 1636
7 1794
6 1829
8 1901
7 2034
7 1987
7 2168
7 2201
7 2340
7 2349
6 2373
6 804
6 667
7 774
7 747
7 791
6 934
7 987
7 1225
6 1091
7 1157
7 1218
7 1343
6 1362
6 1387
7 1514
7 1502
6 1638
7 1783
7 1742
7 1883
7 1879
7 1914
7 2038
7 2068
7 2184
6 2192
7 2347
6 2430
6 2457
7 617
7 746
7 698
6 771
7 855
7 950
6 963
7 972
6 1231
7 1211
7 1270
7 1415
8 1330
7 1457
7 1563
7 1603
7 1635
7 1613
7 1831
7 1931
7 1973
6 2074
7 2010
7 2138
7 2247
7 2363
7 2489
7 2403
6 608
7 650
6 793
7 998
6 774
7 881
7 1068
7 1136
6 1239
8 1232
7 1434
7 1335
7 1519
7 1540
7 1620
7 1553
6 1791
7 1803
7 1844
7 1957
7 1914
7 2052
6 2217
6 2262
8 2293
7 2322
7 2402
6 2558
7 599
7 787
7 657
6 850
7 956
7 1054
7 988
7 1022
6 1073
7 1202
7 1335
6 1320
7 1646
7 1439
8 1609
7 1679
6 1730
7 1708
6 1788
7 1925
7 2054
7 2076
7 2217
6 2126
6 2253
7 2368
6 2492
7 2503
6 2478
8 682
6 760
7 777
7 837
6 879
7 1022
6 1234
7 1136
7 1213
6 1330
6 1366
7 1454
7 1555
7 1691
6 1674
7 1718
7 1813
7 1894
6 1926
7 2114
7 1999
6 2219
6 2216
7 2361
6 2345
6 2379
7 2528
6 681
6 710
7 783
7 776
7 862
7 998
6 1052
7 1109
7 1177
7 1372
7 1356
6 1399
7 1571
7 1529
7 1566
7 1749
7 1959
7 1823
7 1939
7 1912
7 2116
7 2125
7 2203
6 2251
7 2279
6 2484
7 2518
6 598
7 720
6 652
7 817
7 806
7 909
7 987
6 1007
7 1049
7 1142
7 1273
7 1332
8 1607
6 1402
7 1593
6 1675
7 1659
6 1826
7 1700
7 2018
7 2085
6 1987
6 2140
7 2081
6 2284
7 2327
7 2339
7 2438
7 2476
6 570
6 639
7 778
7 808
6 802
7 957
7 979
7 1187
8 1157
7 1274
7 1259
6 1412
8 1541
6 1628
6 1607
7 1623
7 1744
7 1770
7 1862
7 1926
7 2195
7 2035
6 2235
7 2242
6 2285
6 2337
7 2473
6 554
6 693
7 721
7 654
7 891
7 846
7 945
7 1101
7 1080
7 1093
6 1195
7 1348
7 1350
7 1463
6 1452
7 1635
7 1785
7 1727
7 1815
7 1791
6 1922
7 2106
7 2127
6 2394
7 2205
7 2354
7 2377
7 2547
7 2539
6 551
6 722
7 808
6 847
7 891
7 953
6 1052
7 1182
7 1176
7 1317
7 1414
7 1459
7 1526
6 1618
8 1695
7 1783
7 1755
7 1952
7 2236
7 2051
7 2115
6 2088
6 2243
7 2356
7 2539
7 2394
6 2437
7 657
6 703
7 731
6 768
8 789
6 890
6 1030
6 1137
6 1155
6 1206
7 1231
7 1361
6 1416
6 1506
7 1565
7 1604
7 1718
7 1794
7 1912
6 1919
7 1966
6 2265
6 2145
6 2227
6 2368
7 2281
8 2449
7 648
7 674
7 677
7 719
7 848
7 864
7 1092
8 1097
7 1039
6 1162
7 1328
7 1277
7 1352
7 1417
7 1413
7 1558
7 1759
6 1751
7 1837
7 1815
7 1911
7 2046
6 2151
6 2195
7 2353
7 2298
6 2467
7 2487
7 2516
6 548
6 799
7 857
6 771
7 862
6 904
7 995
7 1171
7 1194
6 1264
6 1329
7 1373
6 1456
7 1567
7 1555
7 1708
7 1740
6 1816
7 1820
6 1948
7 2015
6 1989
7 2195
7 2325
7 2269
7 2529
7 2392
6 2495
7 619
6 670
7 738
7 985
7 853
7 1046
7 979
7 1075
7 1177
6 1187
7 1360
6 1466
7 1582
7 1566
7 1622
7 1819
6 1783
6 1934
7 1930
7 1958
7 2165
7 2181
7 2325
7 2307
6 2331
8 2488
6 2481
7 734
6 703
7 624
7 838
7 852
6 960
7 1218
6 1046
6 1103
6 1182
6 1300
7 1300
7 1496
7 1414
7 1556
6 1618
7 1738
7 1723
6 1784
6 1903
6 2011
6 2063
6 2120
6 2108
6 2226
7 2363
7 2379
7 2511
7 2479
7 611
7 921
7 728
6 843
6 825
6 936
6 1135
7 1316
6 1184
6 1275
7 1324
7 1401
7 1431
7 1516
8 1692
7 1649
7 1780
7 1791
7 1952
7 2021
7 1991
7 2099
6 2179
7 2257
9 2449
7 2381
7 2530
7 613
6 720
6 679
7 729
7 984
7 911
6 988
6 1104
7 1104
7 1185
7 1450
7 1326
6 1381
7 1524
7 1502
7 1709
6 1692
7 1817
7 1953
7 1887
7 2028
6 2145
6 2152
6 2310
7 2245
7 2387
7 2514
7 636
7 760
7 734
7 801
6 944
7 910
7 1059
6 1278
6 1057
7 1218
6 1283
6 1391
7 1433
6 1612
7 1547
7 1709
7 1763
6 1766
7 1806
7 1972
7 2038
6 2116
7 2122
8 2119
6 2284
8 2384
7 2494
7 2525
6 2521
7 752
7 766
6 849
7 915
7 888
7 996
7 1121
6 1119
7 1459
7 1353
7 1406
6 1488
7 1580
6 1583
7 1833
6 1654
7 1804
7 1865
7 2035
7 2060
7 2030
7 2208
6 2326
7 2377
6 2383
7 2405
7 2509
6 597
7 680
7 671
8 710
7 942
7 1047
7 977
7 1137
6 1263
7 1188
6 1278
7 1481
7 1446
7 1598
7 1502
7 1720
7 1736
7 2065
6 1866
7 2005
6 2026
7 2113
7 2256
6 2353
6 2256
6 2431
7 2434
7 2522
6 673
7 599
7 740
7 840
7 841
7 1010
8 1012
8 1052
6 1153
6 1252
7 1299
7 1405
7 1448
7 1672
7 1697
7 1701
7 1686
7 1803
7 1856
6 2045
7 1990
7 2141
7 2076
7 2243
6 2250
6 2352
7 2404
7 2425
6 2541
6 706
7 667
7 887
7 783
7 937
7 953
7 1112
6 1254
7 1308
6 1230
6 1401
7 1475
6 1497
6 1609
7 1733
7 1781
7 1832
7 1844
6 1980
7 1959
7 2251
7 2173
6 2270
6 2384
6 2326
7 2471
7 643
7 661
7 682
7 706
8 817
7 925
6 1026
7 1071
7 1118
7 1145
7 1238
6 1302
7 1321
6 1517
7 1481
6 1674
7 1673
8 1691
7 2004
6 1804
6 1994
7 2071
7 2107
8 2124
6 2349
7 2278
6 549
7 2493
7 2566
7 590
7 692
6 721
7 835
6 927
7 965
7 1013
7 1132
6 1208
7 1317
6 1293
7 1371
8 1522
7 1594
7 1685
7 1768
8 1662
7 1864
6 1862
7 2134
6 2099
7 2026
6 2219
7 2285
7 2407
6 560
7 2439
6 2544
7 688
7 663
7 861
7 771
7 906
7 950
7 1035
7 1121
7 1305
6 1228
7 1369
7 1356
7 1524
6 1558
7 1566
6 1662
6 1785
7 1864
7 1872
7 2003
7 2123
7 2085
6 2231
8 2280
7 2268
7 2370
7 2470
6 754
6 647
8 631
6 797
7 871
6 932
7 1042
7 1068
6 1065
7 1144
7 1304
7 1323
