6 1613
5 751
5 846
6 974
6 1030
6 1004
6 1133
5 1152
6 1293
5 1300
5 1349
6 1347
6 1503
5 1529
6 1848
6 1691
5 1775
5 1923
6 1951
6 1991
5 2023
6 2097
6 2179
5 2280
5 2359
5 2369
6 2404
6 585
5 557
6 688
5 796
5 725
6 888
5 915
5 1025
5 1087
5 1076
6 1206
5 1332
6 1545
6 1427
6 1489
6 1547
5 1697
6 1834
6 1755
5 1967
6 1887
5 1988
6 2113
6 2142
5 2191
6 2162
6 2304
6 2410
6 2482
6 620
6 545
5 605
6 755
6 792
6 904
5 924
6 978
5 1079
6 1203
6 1156
5 1227
6 1403
6 1506
5 1474
5 1593
5 1604
5 1672
5 1981
6 1766
5 1924
5 1983
5 1940
5 2036
5 2232
7 2265
6 2303
5 2258
5 2407
5 2481
6 586
6 607
6 632
5 770
6 883
5 939
5 917
6 958
5 1163
5 1187
5 1234
6 1329
5 1357
6 1555
5 1583
6 1644
5 1744
5 1814
5 1974
5 1961
5 1935
5 2021
5 2221
5 2139
5 2229
6 2395
6 2399
5 2476
5 2476
6 591
5 691
6 754
6 832
5 813
5 1020
6 968
6 1101
5 1219
6 1194
5 1216
5 1288
5 1362
6 1493
5 1705
5 1610
6 1687
5 1759
6 1770
5 2070
6 1879
5 1955
6 2079
6 2137
5 2235
6 2158
5 2350
6 2336
6 2469
6 2495
6 2514
6 661
5 761
5 766
6 837
5 839
5 1001
6 1050
6 1186
6 1172
6 1216
6 1385
6 1375
6 1422
5 1656
5 1615
5 1660
6 1772
6 1787
5 2150
6 1966
6 1984
5 2182
5 2223
5 2285
5 2358
5 2337
5 2516
6 566
5 643
5 694
5 659
5 752
5 959
6 951
6 964
5 994
5 1222
5 1188
5 1330
6 1396
5 1446
6 1423
6 1639
6 1881
5 1806
5 1748
5 1811
6 1906
5 2206
6 2038
5 2116
5 2117
5 2307
5 2437
6 2419
6 2523
5 2476
5 665
5 732
5 846
6 945
5 857
6 969
6 1118
7 1177
6 1239
5 1315
6 1305
6 1510
6 1630
5 1601
6 1663
5 1683
6 1939
6 1907
5 2081
6 2088
6 2034
6 2355
5 2202
5 2368
5 2384
6 2363
6 2514
6 581
5 583
6 653
5 680
7 911
5 930
5 957
5 1001
6 1136
6 1206
5 1228
6 1290
6 1364
6 1454
6 1553
5 1587
5 1702
6 1807
5 1897
6 2006
5 1942
6 2014
5 2098
6 2179
5 2350
5 2384
6 2360
6 581
5 560
5 614
6 832
5 778
6 935
6 997
5 1005
5 1041
6 1182
5 1198
5 1254
5 1353
5 1447
6 1465
5 1543
5 1651
6 1708
6 1760
5 1888
5 1982
6 1969
5 2191
6 2047
5 2142
5 2267
5 2347
7 587
5 2370
6 556
5 556
6 713
5 748
6 709
6 920
5 916
5 1034
6 1159
5 1144
5 1200
6 1296
5 1392
5 1458
5 1555
6 1596
5 1767
6 1760
6 1892
6 1902
5 1950
5 1977
6 2172
5 2431
5 2231
5 2310
5 2408
5 585
5 737
5 642
6 616
5 765
6 915
6 937
5 992
5 1013
5 1148
5 1187
5 1273
5 1418
5 1453
5 1505
6 1529
5 1687
5 1649
6 1786
6 1783
5 1892
5 2081
5 1971
5 2076
5 2100
5 2241
5 526
6 2412
6 2423
6 2517
6 622
6 922
5 788
6 890
5 792
5 1019
6 1014
5 1091
5 1142
5 1145
6 1221
5 1322
6 1433
5 1478
6 1532
5 1515
5 1680
6 1669
6 1814
6 1925
6 1855
6 2016
5 2075
6 2206
6 2313
5 2220
6 2435
5 2419
5 2466
6 581
6 567
5 831
5 760
6 825
5 945
6 879
5 984
6 1090
6 1197
6 1207
6 1252
6 1289
6 1376
5 1538
5 1508
6 1630
6 1663
6 1789
5 1818
6 1921
6 2023
5 1966
6 2102
6 2174
5 2289
5 2360
6 2471
5 2411
6 540
5 566
5 718
6 828
5 761
6 920
5 921
5 968
6 982
6 1037
6 1145
5 1223
5 1331
5 1408
6 1467
6 1680
5 1642
6 1654
5 1761
5 1759
6 1981
6 1940
6 2086
5 2040
5 2115
5 2196
6 2260
6 2324
6 609
6 2470
5 625
6 626
5 782
6 852
5 798
6 989
6 1033
6 1170
6 1227
6 1193
5 1298
5 1464
5 1487
5 1637
5 1583
6 1569
6 1805
6 1870
6 1927
5 1945
5 2021
6 2136
6 2163
6 2336
6 2293
5 2382
5 2443
5 2499
5 765
5 633
6 697
6 854
6 868
5 973
5 1257
6 1086
6 1153
5 1166
5 1227
6 1331
5 1401
6 1419
5 1514
6 1678
5 1728
5 1775
6 1797
5 1941
5 2034
6 2191
5 2200
5 2147
6 2357
5 2318
5 2435
6 2486
5 2465
6 672
6 787
6 796
6 862
6 812
6 906
5 1048
6 1305
5 1154
6 1241
6 1229
6 1401
5 1501
6 1502
6 1561
5 1591
5 1798
5 1869
6 1968
6 1898
6 1970
5 2109
5 2178
5 2332
5 2402
6 2261
6 2410
6 2524
6 672
6 644
6 698
6 986
6 903
5 944
6 1071
5 1082
5 1147
6 1403
5 1359
6 1400
5 1479
6 1474
5 1605
6 1748
5 1744
5 1849
5 1821
6 1950
5 2003
5 2071
5 2185
6 2195
6 2357
5 2362
6 2480
5 2499
5 2492
5 725
5 747
5 874
6 873
5 1093
5 1032
5 1112
6 1152
5 1208
6 1237
6 1557
5 1462
5 1612
5 1572
6 1683
6 1623
5 1803
6 1871
5 1916
6 2008
6 2087
5 2215
5 2230
6 2292
6 2359
5 2409
5 536
5 590
5 663
6 761
6 715
5 936
6 876
6 995
5 1254
5 1140
5 1207
6 1280
5 1401
6 1466
5 1713
6 1509
6 1676
5 1757
5 1815
6 1931
5 1963
5 2037
5 2057
5 2227
6 2219
5 2250
5 2351
5 2403
5 565
6 559
6 567
6 724
5 741
5 909
6 997
5 964
6 1074
5 1141
6 1369
6 1335
5 1364
5 1450
5 1484
6 1552
5 1766
5 1705
5 1778
5 1834
6 1859
6 2006
6 2069
5 2042
5 2253
5 2252
6 2356
6 2524
6 2407
5 536
6 689
5 728
6 765
5 782
5 902
5 961
6 1046
6 1156
6 1126
6 1185
5 1455
6 1398
6 1487
5 1493
5 1532
5 1693
5 1969
5 1848
5 1912
5 1971
6 2000
5 2189
5 2212
6 2191
5 2242
5 2449
5 535
6 591
6 669
5 622
6 734
5 872
6 901
5 949
6 964
6 1124
6 1175
5 1173
6 1278
6 1406
6 1549
6 1480
5 1568
6 1599
6 1730
6 1735
6 2140
5 1955
5 2040
6 2093
6 2058
6 2219
6 2327
6 2382
5 2452
5 2478
6 631
6 652
6 709
5 755
6 760
5 979
5 1018
5 1073
6 1189
5 1155
5 1244
6 1356
5 1466
5 1404
5 1697
5 1607
5 1700
5 1764
5 1848
6 1922
5 2046
6 2037
5 2184
5 2153
5 2188
6 2211
6 2335
6 2418
6 566
5 568
6 569
5 740
5 780
6 902
6 999
5 883
6 1085
6 1202
5 1130
6 1266
5 1273
6 1303
5 1470
5 1572
5 1604
6 1703
5 1641
6 1796
5 1946
6 1955
5 2081
6 1989
5 2115
6 2171
6 2249
5 2358
6 2304
5 2364
5 569
6 552
6 601
6 693
5 780
6 875
6 903
5 996
6 989
5 1144
5 1146
5 1179
6 1285
5 1357
5 1369
6 1439
6 1705
5 1646
6 1744
5 1722
6 1896
6 1928
6 2136
6 2021
6 2011
5 2156
6 2264
5 2313
5 2396
6 2423
5 575
6 663
5 712
5 752
5 729
5 940
5 982
6 1096
6 1151
5 1071
6 1163
5 1364
6 1351
5 1491
5 1540
6 1579
6 1771
6 1777
6 1747
6 1901
5 1821
6 1978
6 2221
5 2199
5 2244
5 2193
6 2330
6 2446
5 2472
6 565
6 621
6 683
5 815
5 831
6 943
6 915
6 1041
5 1148
6 1269
6 1256
6 1301
5 1317
6 1423
5 1519
5 1587
6 1648
6 1853
6 1819
5 1865
6 1977
5 1955
6 2040
6 2377
5 2168
6 2230
6 2271
5 2283
6 2386
6 553
6 618
5 623
5 672
6 809
5 848
5 936
6 1059
6 1046
5 1154
5 1194
6 1275
5 1452
5 1545
6 1425
5 1635
5 1627
5 1773
5 1986
5 1820
5 1885
5 2007
6 2058
5 2151
5 2264
5 2299
6 2354
5 2352
6 2463
6 2500
6 664
5 770
5 802
6 914
5 875
5 1017
5 1093
6 1169
5 1254
5 1210
5 1249
6 1355
5 1447
5 1550
6 1699
5 1612
5 1813
5 1841
5 2053
6 1954
5 1982
5 2141
5 2282
5 2250
6 2496
6 2349
5 2504
6 600
6 646
5 711
5 691
6 878
6 941
5 977
6 1108
5 1115
6 1146
6 1312
6 1291
5 1348
5 1455
5 1510
5 1711
5 1760
5 1752
5 1968
6 1814
5 1956
5 2183
6 2128
6 2146
5 2197
5 2338
5 2398
5 575
5 2489
6 543
5 639
5 751
5 829
6 943
5 915
6 1030
6 1161
6 1197
6 1187
5 1326
5 1402
6 1533
5 1505
6 1606
5 1668
5 1727
6 1883
6 1927
6 2036
5 2100
6 2041
5 2349
6 2257
6 2359
6 2475
5 2456
5 583
5 729
6 693
5 769
5 792
5 845
5 949
5 1059
5 1187
5 1161
5 1189
6 1258
6 1448
5 1438
6 1562
5 1516
5 1741
5 1767
6 1856
6 1881
5 1916
6 2072
6 2114
6 2194
6 2235
6 2460
5 2485
6 2471
6 569
5 656
5 602
5 932
5 882
5 844
5 976
5 999
6 1154
5 1175
5 1218
6 1279
6 1405
5 1395
5 1526
6 1612
5 1642
6 1760
5 1726
5 1859
6 1946
5 2082
5 2168
5 2158
6 2298
6 2373
5 2498
6 699
