4 1673
4 983
4 1047
4 1276
4 1111
5 1255
4 1348
4 1317
4 1405
4 1526
5 1559
4 1577
4 1639
4 1777
5 1780
5 1791
4 1932
4 1951
4 2039
4 2174
5 2124
5 2283
4 2279
5 2445
4 2415
5 2473
4 550
4 823
4 787
4 807
4 745
4 958
4 936
4 1290
4 1101
4 1078
4 1274
4 1277
4 1439
4 1431
4 1470
4 1543
5 1703
4 1780
5 1823
4 1836
4 1834
4 1991
4 2115
4 2116
4 2149
4 2103
4 2263
4 2348
4 2362
5 2441
4 2480
4 858
4 706
4 756
4 821
4 765
4 896
4 1146
4 1011
5 1152
4 1163
4 1168
4 1248
4 1346
4 1435
4 1437
4 1521
5 1714
4 1593
4 1777
4 1696
4 1749
4 1880
4 2007
4 2085
4 2168
5 2122
4 2308
5 2326
4 2362
4 2511
4 698
4 644
4 703
5 725
4 790
5 742
5 1031
4 994
4 1101
5 1172
4 1227
4 1235
4 1352
5 1328
4 1440
4 1461
4 1583
5 1651
5 1686
4 1695
4 1841
4 1759
4 1892
5 2041
4 2005
5 2106
4 2111
4 2254
4 2304
4 2446
5 632
4 2419
4 638
5 595
4 763
4 812
4 950
4 963
4 1003
4 1040
4 1160
4 1128
5 1236
4 1337
4 1330
5 1380
4 1403
4 1463
4 1591
4 1722
4 1830
4 1831
4 1814
4 2001
4 2036
4 2167
5 2156
4 2164
4 2247
5 2330
4 538
4 2460
4 2464
4 641
4 653
4 773
4 925
4 815
4 1023
4 1049
4 1031
4 1181
4 1200
5 1268
4 1361
4 1485
5 1432
4 1541
4 1532
4 1703
4 1690
4 1739
4 1877
4 1855
4 2011
4 2129
5 2171
4 2142
4 2173
5 2412
4 552
5 2499
4 2464
4 2451
4 548
4 750
4 880
4 846
4 774
4 962
4 1017
4 1077
4 1144
4 1111
4 1302
4 1361
4 1474
4 1477
4 1469
4 1559
4 1664
4 1767
4 1798
4 1909
4 1882
4 1947
4 2009
4 2060
5 2167
4 2117
4 2392
4 2303
5 2400
4 2462
4 2456
4 607
4 792
4 731
4 861
4 803
4 1020
4 1002
4 1178
5 1266
5 1230
4 1287
5 1440
5 1386
4 1519
4 1588
4 1600
4 1732
4 1756
5 1946
4 1889
4 1886
4 2031
4 2041
4 2152
4 2242
4 2414
5 2314
5 2415
4 516
4 2473
4 2480
4 781
5 707
4 753
4 903
5 845
4 1006
4 1093
4 1138
5 1275
4 1187
4 1360
4 1408
4 1386
6 1474
4 1580
4 1644
4 1688
4 1772
4 1883
4 1968
5 1955
5 2091
4 2180
4 2187
4 2357
4 2209
4 2365
4 2406
4 518
4 593
4 649
4 639
4 774
4 830
4 899
4 877
4 1053
5 1114
4 1151
4 1193
4 1169
5 1343
4 1324
5 1455
4 1449
4 1565
5 1601
4 1736
5 1802
5 1867
4 1886
4 1971
4 2069
4 2174
4 2303
4 2275
4 2229
4 2335
4 2404
4 2451
4 721
4 555
4 738
4 823
5 870
4 878
4 924
4 1090
4 1184
4 1165
4 1221
4 1284
4 1357
5 1476
4 1485
4 1520
4 1609
4 1605
4 1742
4 1764
4 1863
4 1976
4 1991
5 2060
4 2288
5 2177
4 2328
4 2259
4 2360
4 554
4 673
4 561
4 637
5 766
4 857
4 911
4 1026
4 969
4 1199
4 1198
4 1210
4 1297
4 1398
4 1365
4 1510
4 1613
4 1669
5 1757
4 1743
4 1895
4 1954
4 2035
4 2089
5 2030
5 2327
4 2308
4 2284
4 2403
4 2418
4 573
5 667
4 641
4 650
4 760
5 827
4 955
4 1024
4 1064
4 1020
4 1169
4 1221
4 1278
4 1427
4 1380
4 1484
4 1571
4 1665
4 1760
4 1821
4 1745
4 1835
4 1997
4 2000
4 2110
4 2050
4 2253
4 2228
4 2349
4 2443
4 2404
5 762
5 574
4 694
4 722
4 794
4 914
4 960
4 1015
4 1110
4 1035
4 1184
4 1270
4 1327
5 1460
4 1478
4 1504
5 1561
4 1714
4 1706
4 1830
4 1844
4 1918
4 1976
4 2021
5 2063
4 2340
4 2240
4 2310
4 2455
4 2423
4 583
4 2486
4 748
4 777
4 806
5 808
4 997
4 1005
4 1010
5 1084
4 1127
4 1328
5 1275
4 1373
4 1444
4 1511
5 1589
4 1753
4 1743
5 1806
4 1950
4 1897
4 2056
4 2139
4 2142
4 2375
4 2238
4 2480
4 2497
4 568
4 697
4 586
4 757
5 829
4 907
4 981
5 887
5 1133
4 1070
5 1303
4 1300
4 1342
4 1359
4 1570
4 1549
4 1653
4 1643
4 1784
5 1769
4 1919
5 1906
4 2066
5 1961
4 2169
4 2188
4 2366
4 2308
5 2336
4 2438
4 507
4 623
4 649
4 635
4 834
4 855
4 944
4 1006
4 994
4 1141
4 1190
5 1234
5 1310
4 1380
4 1449
4 1545
4 1568
4 1703
4 1777
4 1769
4 1941
4 1945
4 2051
4 2042
5 2158
5 2151
5 2457
4 2271
4 2428
4 2399
4 531
4 551
4 821
5 778
4 747
4 921
4 927
5 972
4 1144
5 1091
4 1143
5 1261
4 1327
4 1345
4 1360
4 1526
4 1576
4 1663
4 1766
4 1798
4 1745
4 1915
4 2061
4 2035
4 2173
4 2046
5 2400
4 2261
4 2362
4 2420
4 2365
4 509
4 770
4 639
4 778
4 788
4 929
4 941
4 1056
4 1139
4 1059
5 1225
5 1325
4 1321
4 1365
4 1493
4 1542
4 1612
4 1616
4 1758
4 1817
4 1788
4 1905
5 2043
5 2070
4 2051
4 2267
4 2223
4 2256
4 2396
4 2462
4 2474
5 754
4 634
4 822
4 764
4 837
4 947
5 1015
4 1081
4 1170
4 1117
4 1257
4 1284
5 1316
4 1382
5 1458
4 1464
4 1579
4 1676
5 1823
4 1822
4 1827
5 1999
4 1977
4 2106
4 2359
4 2156
4 2236
5 2296
4 2413
4 2460
4 670
4 613
4 667
5 827
4 838
4 781
4 956
4 962
4 1088
4 1204
4 1216
4 1276
4 1407
4 1464
4 1536
4 1606
4 1558
4 1712
4 1825
4 1930
4 1894
5 1982
4 2041
4 2075
4 2281
4 2266
5 2296
5 2346
4 503
4 509
4 742
4 548
4 686
4 824
4 863
4 867
4 896
4 1072
4 1139
4 1127
4 1218
4 1220
4 1387
5 1444
4 1488
4 1644
4 1658
4 1771
4 1822
4 1875
4 1979
4 1982
4 1930
5 2105
4 2402
4 2321
4 2330
5 2327
4 2437
4 557
4 689
4 591
4 604
4 752
5 927
5 891
4 1025
4 941
4 1052
4 1116
4 1275
5 1328
4 1284
4 1378
4 1460
4 1521
4 1612
4 1693
4 1789
4 1793
4 1907
4 1991
4 2073
4 2013
4 2337
4 2213
4 2329
4 2373
4 2417
4 2497
4 766
4 673
5 736
4 697
5 874
4 1000
4 1083
4 1054
4 1022
5 1157
5 1299
5 1379
4 1438
4 1433
4 1464
4 1595
4 1655
4 1703
5 1737
5 1755
4 1918
4 2025
4 2113
4 2137
4 2297
4 2218
4 2299
4 2331
4 2386
4 2414
4 675
4 691
4 702
4 771
4 734
4 960
4 1009
5 1088
4 1158
4 1066
5 1198
4 1227
4 1387
4 1377
4 1420
4 1427
4 1599
5 1619
4 1809
4 1809
4 1767
5 1974
4 2076
4 2050
4 2320
4 2140
4 2303
5 2300
4 2453
4 2407
5 645
4 575
4 762
4 750
4 823
4 779
4 905
4 977
4 1145
4 1076
4 1102
4 1189
4 1389
4 1431
4 1464
5 1518
4 1568
4 1684
5 1807
4 1774
5 1938
5 1907
4 2029
5 2135
4 2252
4 2170
4 2161
4 2250
4 2412
4 2447
4 696
5 2459
4 679
4 678
5 852
5 844
4 875
5 828
4 1090
4 1085
4 1171
5 1166
4 1221
4 1258
5 1384
4 1410
4 1534
5 1586
5 1688
4 1665
4 1708
5 1868
4 1833
4 1990
4 2173
4 2160
4 2268
4 2154
5 2297
4 2312
4 594
4 572
4 558
4 673
5 818
5 881
4 923
5 876
5 1000
4 1034
5 1106
4 1206
4 1207
4 1239
4 1350
4 1416
5 1548
5 1547
4 1562
4 1765
5 1777
5 1885
4 1902
5 1964
4 2314
4 2073
4 2224
4 2269
4 2184
4 2337
4 653
4 2477
4 528
4 2485
5 627
4 779
4 845
4 890
4 864
4 1027
4 1042
5 1174
4 1194
4 1233
4 1385
4 1342
4 1424
5 1584
4 1601
4 1588
4 1748
5 1768
4 1867
5 1932
4 2111
5 2108
4 2125
4 2282
4 2240
4 2309
5 623
4 2437
4 529
4 569
4 603
4 792
4 813
5 807
5 965
4 923
4 1097
4 1099
4 1216
6 1279
4 1258
4 1334
4 1490
4 1578
4 1572
4 1682
4 1742
4 1846
4 1937
4 1906
5 2228
4 1979
4 2187
5 2291
4 2234
5 2346
4 2327
4 2440
4 514
4 585
4 659
4 629
4 816
4 869
4 953
4 960
4 987
4 1168
4 1213
5 1197
4 1292
4 1343
4 1406
4 1502
4 1577
4 1667
4 1707
5 1774
4 1774
4 1906
5 2150
4 2069
4 2037
4 2193
4 2220
4 2339
4 2469
5 2373
4 594
4 582
4 640
4 756
4 727
4 837
4 1002
4 1016
4 1120
4 1118
4 1236
4 1279
4 1433
4 1412
4 1454
4 1505
4 1682
4 1695
5 1807
4 1800
4 1841
5 1952
4 2158
4 2107
4 2174
4 2203
5 2236
5 2375
5 2380
4 558
5 2464
5 676
4 642
5 786
4 858
4 817
5 957
4 1021
4 1075
5 1124
4 1200
5 1249
5 1453
4 1456
4 1479
4 1547
4 1567
4 1691
4 1782
4 1835
4 1834
4 1887
4 2222
4 2107
4 2230
4 2248
4 2257
4 2410
4 2451
5 622
4 620
4 577
5 761
4 813
