8 1220
8 2304
9 2452
8 2589
8 641
7 613
8 655
8 829
9 892
8 1113
7 1069
8 1171
8 1173
8 1318
8 1317
8 1458
8 1502
8 1482
8 1626
8 1735
7 1741
8 1794
8 1828
7 2019
9 2078
9 2167
8 2319
8 2206
8 2474
7 2506
8 580
8 637
8 604
8 676
8 866
8 841
9 1018
8 990
8 1041
9 1271
7 1241
8 1298
9 1355
8 1394
9 1507
8 1579
8 1608
8 1678
7 1698
8 1849
8 1954
8 1986
8 2050
8 2047
8 2197
8 2262
8 2422
8 2457
8 2510
9 612
8 710
7 786
8 935
8 851
8 1120
8 1016
8 1166
8 1201
9 1270
8 1461
7 1445
8 1488
8 1600
8 1665
9 1624
8 1726
8 1852
8 1910
7 2036
8 1985
8 2120
8 2173
8 2258
8 2335
8 2335
7 2432
8 612
8 597
7 651
8 726
8 838
8 916
7 1002
8 1072
8 1324
8 1120
7 1253
7 1298
8 1494
8 1628
8 1482
8 1610
7 1689
8 1780
7 1782
8 1826
8 1998
8 2016
8 2077
8 2254
8 2222
7 2232
8 2485
8 2530
8 616
8 617
7 672
10 808
9 855
8 973
8 1016
8 1003
8 1145
8 1260
8 1446
8 1365
8 1339
8 1422
8 1560
8 1744
7 1657
8 1723
8 1813
9 1917
9 1971
8 2032
7 2094
8 2235
8 2311
8 2358
8 2429
8 2460
9 2572
8 732
8 686
8 782
8 871
7 946
8 999
8 1041
8 1220
8 1294
8 1288
9 1450
9 1578
8 1575
8 1632
8 1600
8 1744
8 1933
8 1935
8 1954
8 1981
7 2072
8 2268
8 2255
7 2358
8 2286
8 2436
8 2583
8 714
9 707
8 735
8 873
8 1010
8 1044
8 1116
8 1185
8 1216
8 1270
7 1406
8 1399
8 1593
8 1532
8 1803
7 1726
9 1807
7 1830
8 1859
8 2112
8 2095
8 2226
8 2204
8 2258
9 2430
8 2411
7 2534
8 607
9 593
9 738
8 762
8 926
8 901
8 1056
8 1062
8 1202
8 1373
8 1415
8 1446
7 1430
8 1688
8 1608
8 1673
8 1760
8 1992
8 1980
10 2002
9 2090
8 2177
9 2341
8 2447
8 2433
8 2477
8 623
9 2557
7 688
9 728
8 798
8 878
8 957
8 990
8 1090
8 1228
8 1273
8 1319
8 1414
7 1452
8 1589
8 1589
7 1663
8 1673
8 1826
8 1924
9 1918
8 2180
8 2013
8 2197
9 2239
8 2364
8 2573
8 2403
8 2597
8 628
9 712
8 778
7 784
10 875
7 989
9 1020
8 1156
8 1249
8 1203
7 1268
8 1430
8 1467
8 1627
9 1552
8 1668
7 1754
8 1831
8 1954
8 1905
8 2033
8 2120
8 2302
8 2293
8 2273
8 2462
8 2471
8 590
9 617
8 636
8 747
8 809
8 934
7 1001
8 1047
8 1040
8 1213
8 1287
8 1384
8 1417
8 1387
7 1552
8 1629
8 1668
8 1790
8 1784
8 1894
8 1950
9 2017
7 2059
8 2076
9 2230
8 2434
8 2404
7 2420
7 2455
8 595
9 685
8 917
8 819
7 834
7 901
7 1029
8 1162
8 1221
7 1245
8 1242
7 1417
8 1500
9 1566
8 1607
8 1628
8 1691
7 1808
8 1882
8 1875
9 2073
8 2086
7 2186
8 2227
8 2429
8 2316
7 690
7 605
8 597
8 721
7 702
8 788
9 1116
8 1001
8 1114
8 1119
8 1142
7 1233
8 1248
7 1423
7 1450
8 1462
8 1621
9 1638
7 1742
9 1766
8 1797
8 2007
8 2014
8 2082
8 2258
7 2206
8 2397
8 2414
7 2495
9 2547
8 795
7 595
8 741
8 852
7 921
8 953
8 1223
9 1121
8 1197
8 1223
8 1321
8 1272
7 1455
7 1565
8 1624
7 1675
8 1686
8 1800
8 1857
8 1997
7 2018
8 2082
7 2225
8 2300
8 2385
7 2451
8 2421
9 595
9 642
7 684
8 1000
7 811
8 880
8 990
8 1042
8 1179
7 1381
8 1191
8 1345
8 1444
9 1533
8 1565
8 1520
9 1720
8 1717
8 1841
8 1877
8 1911
8 2008
8 2062
9 2233
8 2209
8 2216
8 2412
7 2494
8 621
8 619
8 649
8 723
8 820
7 1084
7 991
8 1070
8 1052
8 1170
8 1250
7 1557
9 1427
7 1449
8 1614
8 1613
7 1772
7 1804
8 1817
8 1958
8 1993
8 2053
8 2124
8 2145
8 2266
8 2431
8 2424
8 2570
7 2508
10 611
8 733
7 800
8 889
9 874
9 1053
8 1296
8 1153
7 1179
8 1332
8 1291
7 1389
8 1718
8 1560
7 1602
8 1626
8 1833
8 1811
8 1938
8 1951
8 2025
9 2185
8 2187
8 2252
8 2393
8 2427
7 2482
8 614
8 723
8 721
8 775
8 819
9 1003
8 1015
7 1088
8 1190
8 1346
8 1276
8 1340
8 1452
8 1567
7 1478
8 1811
9 1665
8 1827
8 1945
9 1900
8 2041
8 2153
8 2150
8 2282
7 2212
7 2378
8 2498
8 636
7 623
7 629
7 753
8 832
8 930
8 973
7 976
8 1043
9 1173
7 1214
8 1237
7 1615
9 1385
9 1564
7 1600
8 1706
8 1804
8 1919
7 1956
9 2063
7 1990
8 2150
8 2059
7 2211
8 2341
8 2403
8 2491
8 2436
8 598
8 737
8 826
8 809
8 845
7 889
7 1061
9 1140
8 1199
9 1238
9 1220
8 1357
9 1503
8 1790
8 1552
8 1615
8 1718
9 1836
8 1916
7 2120
7 1957
7 2099
8 2258
7 2217
8 2353
8 2350
9 2531
8 572
7 659
8 702
8 740
8 881
8 948
8 1022
8 1043
8 1137
8 1164
7 1230
8 1423
8 1433
7 1545
8 1515
8 1644
8 1826
8 1810
7 1941
8 1931
9 1992
8 2086
8 2357
8 2276
7 2236
8 2374
8 2424
9 2601
8 641
8 664
9 814
8 902
8 959
8 1010
7 1116
8 1212
8 1232
8 1232
8 1390
7 1403
8 1466
9 1603
8 1629
9 1697
8 1776
8 1790
7 2105
7 1955
8 2028
8 2066
8 2112
7 2198
9 2496
8 2422
9 2502
8 2493
7 618
7 682
9 773
8 836
8 869
8 918
9 1025
8 1091
7 1175
7 1297
8 1267
9 1401
8 1524
8 1577
7 1572
8 1588
8 1762
7 1898
8 1891
7 1999
8 2124
9 2108
8 2247
9 2266
8 2383
8 2365
8 2568
8 2571
9 647
7 766
8 771
9 861
7 1016
8 1005
9 1112
9 1239
8 1207
8 1258
8 1427
8 1519
8 1594
8 1670
8 1775
10 1837
8 1930
8 2001
8 1978
8 2079
8 2179
8 2205
7 2466
8 2329
8 2409
7 2584
8 606
7 640
7 685
8 839
7 948
7 971
8 1012
8 1126
8 1111
8 1185
8 1368
8 1367
8 1503
7 1512
9 1573
8 1648
8 1676
9 1766
8 1789
8 2001
8 2025
8 2138
8 2226
8 2160
7 2310
9 2435
8 573
9 610
9 2541
9 640
8 755
8 843
8 898
8 1151
7 973
8 1110
8 1146
7 1220
8 1354
8 1359
8 1535
8 1576
8 1564
8 1672
7 1662
8 1811
8 1920
7 1939
9 2004
8 1990
7 2182
7 2210
9 2373
7 2414
9 2408
8 623
8 700
8 704
8 768
7 791
9 872
8 1017
8 1118
8 1289
8 1202
8 1207
8 1349
8 1341
7 1526
8 1538
8 1527
8 1618
7 1671
8 1783
8 1855
8 1864
8 2035
8 2142
8 2210
7 2306
8 2247
8 2414
9 2559
8 603
8 627
8 600
9 870
8 849
8 913
8 986
7 1039
7 1074
8 1166
8 1495
8 1392
8 1427
7 1439
8 1530
8 1546
8 1655
7 1652
7 1779
8 1898
8 2018
8 2002
8 2043
9 2104
7 2175
8 2352
8 2381
8 2425
8 2406
8 595
8 643
8 739
9 798
8 1038
9 892
8 983
8 1077
9 1181
8 1238
8 1259
8 1626
7 1544
8 1543
8 1564
7 1557
8 1687
7 1786
8 1877
9 1895
8 1954
8 2107
8 2218
8 2218
8 2347
8 2285
8 2450
8 2492
7 2584
8 686
8 679
7 824
8 893
8 924
8 1266
8 1138
8 1167
7 1281
7 1330
8 1389
9 1498
9 1650
7 1592
8 1654
7 1784
8 1910
8 1847
8 1983
7 2032
7 2132
8 2287
8 2227
7 2323
8 2503
8 2572
8 2558
8 593
8 740
8 749
7 866
8 922
8 1040
8 1061
8 1130
9 1434
8 1407
8 1376
8 1384
8 1566
7 1587
8 1764
8 1851
9 1852
9 1930
7 1947
8 2070
8 2033
8 2122
8 2189
8 2334
8 2401
8 2521
8 2520
7 620
8 702
8 845
8 924
8 866
7 950
9 1068
8 1194
8 1212
8 1331
7 1323
8 1591
8 1543
8 1592
8 1592
9 1685
8 1742
9 1944
8 2187
8 2039
8 1999
7 2159
8 2269
7 2348
7 2391
8 2394
8 2491
8 598
8 657
8 736
7 808
8 860
10 920
9 1049
8 1108
8 1196
8 1147
7 1306
9 1410
8 1518
7 1583
7 1734
8 1640
8 1772
7 1818
8 1980
9 1864
8 1997
8 2304
7 2129
8 2297
8 2239
8 2367
8 2552
8 2552
8 630
8 671
8 733
8 816
8 931
8 962
8 1000
8 1034
9 1210
8 1170
8 1232
8 1347
8 1428
8 1521
9 1598
8 1684
8 1853
8 1809
8 1878
7 2023
7 2076
8 2143
8 2090
7 2485
8 2312
8 2407
8 2445
8 2458
8 582
7 693
8 813
9 887
8 895
8 941
8 1135
8 1092
8 1213
9 1300
8 1291
8 1417
8 1569
7 1564
8 1614
8 1684
8 1885
8 1858
8 2061
7 1971
8 2005
8 2167
8 2331
8 2285
7 2335
7 2577
7 2528
7 661
8 742
8 719
8 797
8 885
8 952
8 1032
8 1121
7 1238
8 1230
8 1304
7 1441
8 1445
8 1579
7 1524
7 1698
8 1764
7 1901
8 1859
8 1903
9 2006
8 2256
8 2184
8 2275
7 2234
8 2459
8 2536
