2 658
2 1769
2 1767
2 1714
2 1802
2 1695
2 1778
2 1826
2 1752
2 1760
2 1816
2 1881
2 1972
2 1884
2 1932
2 1960
2 2084
2 2018
2 2015
2 2148
2 2107
2 2192
2 2238
2 2238
2 2125
2 2172
2 2204
2 2313
2 2315
2 2267
2 658
2 2330
2 2337
2 2408
2 2327
2 2450
2 2471
2 2448
2 2480
2 2397
2 2455
2 538
2 628
2 608
2 533
2 630
2 677
2 701
2 677
2 668
2 761
2 807
2 832
2 835
2 751
2 850
2 904
2 844
2 920
2 881
2 950
2 1018
2 1013
2 1055
2 960
2 1085
2 1070
2 1036
2 1166
2 1080
2 1147
2 1190
2 1163
2 1199
2 1168
2 1204
2 1305
2 1353
2 1339
2 1278
2 1373
2 1402
2 1432
2 1421
2 1366
2 1426
2 1430
2 1510
2 1488
2 1459
2 1545
2 2020
2 1647
2 1631
2 1620
2 1682
2 1734
2 1720
2 1717
2 1646
2 1723
2 1791
2 1850
2 1831
2 1766
2 1901
2 1904
2 1915
2 1970
2 1967
2 1938
2 1978
2 2040
2 2036
2 2202
2 2065
2 2083
2 2099
2 2148
2 2193
2 2231
2 2224
2 663
2 961
2 1355
2 1419
2 1489
2 1464
2 1517
2 1488
2 1521
2 1517
2 1563
2 1587
2 1537
2 1620
2 1572
2 1640
2 1638
2 1688
2 1666
2 1720
2 1749
2 1749
2 1776
2 1757
2 1847
2 1873
2 1789
2 1862
2 1803
2 1892
2 1859
2 1872
2 1966
2 1908
2 1934
2 1987
2 1965
2 2167
2 2018
2 2100
2 2171
2 2203
2 2252
2 2131
2 2234
2 2221
2 2257
2 2305
2 2329
2 2431
2 2428
2 2486
2 2463
2 2412
2 536
2 527
2 572
2 579
2 576
2 656
2 722
2 1066
2 769
2 730
2 782
2 787
2 849
2 844
2 846
2 867
2 851
2 1013
2 1010
2 981
2 1008
2 1085
2 1125
2 1173
2 1136
2 1171
2 1270
2 1299
2 1371
2 1256
2 1313
2 1377
2 1458
2 1440
2 1382
2 1454
2 1537
2 1598
2 1539
2 1545
2 1569
2 1627
2 1656
2 1635
2 1615
2 1704
2 1786
2 1723
2 1745
2 1780
2 1799
2 1838
2 1830
2 1868
2 2021
2 1826
2 1985
2 1936
2 1983
2 1971
2 1958
2 2044
2 2056
2 2105
2 2098
2 2132
2 2249
2 2242
2 673
2 2284
2 2249
2 2352
2 2365
2 2400
2 2415
2 2328
2 2452
2 2443
2 561
2 517
2 549
2 570
2 627
2 623
2 644
2 728
2 726
2 745
2 724
2 780
2 789
2 873
2 851
2 964
2 972
2 866
2 950
2 984
2 1382
2 1081
2 1109
2 1252
2 1190
2 1221
2 1232
2 1269
2 1338
2 1383
2 1466
2 1409
2 1355
2 1416
2 1481
2 1558
2 1561
2 1541
2 1578
2 1587
2 1615
2 1648
2 1574
2 1573
2 1659
2 1742
2 1786
2 1694
2 1739
2 1727
2 2077
2 1751
2 1786
2 1857
2 2001
2 1977
2 1975
2 2009
2 2003
2 1974
2 2075
2 2017
2 2112
2 2005
2 2126
2 2104
2 2152
2 2209
2 2170
2 2221
2 2272
2 2292
2 2297
2 2246
2 2367
2 2330
2 2364
2 2446
2 2395
2 2436
2 2454
2 2478
2 504
2 2483
2 521
2 616
2 603
2 640
2 539
2 599
2 700
2 643
2 619
2 612
2 717
2 732
2 762
2 751
2 805
2 780
2 812
2 890
2 919
2 915
2 940
2 968
2 961
2 1081
2 981
2 1118
2 1130
2 1312
2 1189
2 1130
2 1223
2 1284
2 1265
2 1346
2 1252
2 1297
2 1335
2 1432
2 1417
2 1425
2 1447
2 1495
2 1460
2 1583
2 1515
2 1547
2 1632
2 1613
2 1628
2 1677
2 1667
2 1910
2 1730
2 1738
2 1787
2 1828
2 1801
2 1886
2 1927
2 1958
2 1920
2 1953
2 1991
2 1992
2 2103
2 2048
2 2120
2 2173
2 2237
2 2184
2 2232
2 2293
2 2381
2 2334
2 2390
2 2335
2 2366
2 2455
2 511
2 2480
2 2487
2 615
2 589
2 588
2 642
2 645
2 697
2 726
2 796
2 806
2 785
2 858
2 809
2 801
2 933
2 878
2 926
2 991
2 932
2 1056
2 993
2 1116
2 1113
2 1157
2 1149
2 1119
2 1216
2 1208
2 1280
2 1363
2 1273
2 1312
2 1413
2 1460
2 1395
2 1387
2 1449
2 1512
2 1694
2 1566
2 1601
2 1604
2 1642
2 1638
2 1647
2 1675
2 1749
2 1694
2 1781
2 1774
2 1826
2 1798
2 1869
2 1972
2 2006
2 2008
2 1940
2 2099
2 2169
2 2141
2 2136
2 2045
2 2167
2 2147
2 2235
2 2263
2 2245
2 2336
2 510
2 2358
2 2414
2 2303
2 2387
2 2490
2 576
2 571
2 530
2 608
2 672
2 703
2 652
2 608
2 743
2 781
2 749
2 835
2 796
2 837
2 815
2 867
2 925
2 904
2 1038
2 1005
2 1127
2 1086
2 1050
2 1162
2 1331
2 1205
2 1241
2 1199
2 1289
2 1345
2 1351
2 1402
2 1325
2 1351
2 1467
2 1411
2 1539
2 1473
2 1522
2 1566
2 1588
2 1647
2 1637
2 1628
2 1723
2 1770
2 1778
2 1763
2 1931
2 1861
2 1836
2 1905
2 1894
2 1980
2 2152
2 2112
2 2136
2 2139
2 2078
2 2158
2 2183
2 2271
2 2224
2 2295
2 2352
2 2365
2 2488
2 2468
2 2398
2 505
2 567
2 547
2 535
2 533
2 581
2 635
2 660
2 695
2 823
2 760
2 837
2 845
2 791
2 859
2 998
2 906
2 939
2 1005
2 991
2 1002
2 1128
2 1025
2 1186
2 1049
2 1285
2 1253
2 1264
2 1337
2 1228
2 1372
2 1283
2 1362
2 1357
2 1361
2 1462
2 1405
2 1472
2 1525
2 1523
2 1552
2 1558
2 1605
2 1643
2 1638
2 1751
2 1720
2 1753
2 1780
2 1712
2 1724
2 1773
2 1841
2 1917
2 1884
2 1919
2 2015
2 2013
2 2039
2 2071
2 2151
2 2158
2 2177
2 2172
2 2219
2 2182
2 2208
2 2257
2 2317
2 2380
2 506
2 2400
2 2483
2 561
2 577
2 684
2 665
2 667
2 651
2 712
2 627
2 653
2 686
2 762
2 758
2 726
2 771
2 807
2 924
2 917
2 857
2 961
2 927
2 941
2 1005
2 951
2 1015
2 1105
2 1101
2 1109
2 1199
2 1145
2 1173
2 1109
2 1211
2 1160
2 1171
2 1355
2 1364
2 1331
2 1311
2 1289
2 1410
2 1407
2 1438
2 1356
2 1461
2 1488
2 1582
2 1564
2 1533
2 1605
2 1717
2 1637
2 1631
2 1683
2 1729
2 1689
2 1829
2 1814
2 1876
2 1839
2 1872
2 1901
2 1939
2 2030
2 2014
2 1988
2 2098
2 2115
2 2207
2 2141
2 2200
2 2174
2 2170
2 2241
2 2191
2 2301
2 2305
2 2327
2 2344
2 2388
2 2417
2 524
2 537
2 506
2 2474
2 561
2 553
2 614
2 615
2 832
2 740
2 802
2 898
2 795
2 976
2 892
2 884
2 909
2 945
2 949
2 1063
2 1072
2 1087
2 1164
2 1090
2 1161
2 1159
2 1298
2 1293
2 1201
2 1347
2 1346
2 1353
2 1414
2 1403
2 1439
2 1469
2 1515
2 1524
2 1689
2 1539
2 1556
2 1659
2 1708
2 1806
2 1674
2 1773
2 1829
2 1795
2 1861
2 1815
2 1899
2 1919
2 2024
2 2119
2 2107
2 2088
2 2166
2 2156
2 2205
2 2168
2 2344
2 2435
2 2385
2 2487
2 2366
2 511
2 2492
2 2493
2 695
2 539
2 587
2 709
2 735
2 734
2 690
2 773
2 794
2 803
2 924
2 850
2 906
2 1040
2 1058
2 1119
2 1023
2 1121
2 1110
2 1145
2 1176
2 1194
2 1283
2 1339
2 1315
2 1410
2 1300
2 1420
2 1473
2 1490
2 1720
2 1480
2 1539
2 1585
2 1609
2 1713
2 1869
2 1654
2 1794
2 1803
2 1810
2 1866
2 1870
2 1920
2 1912
2 1921
2 2001
2 1980
2 2152
2 2118
2 2100
2 2201
2 2093
2 2182
2 2174
2 2282
2 2392
2 2259
2 2415
2 2402
2 583
2 2482
2 2418
2 534
2 547
2 552
2 802
2 584
2 709
2 778
2 855
2 799
2 786
2 901
2 945
2 958
2 1104
2 1045
2 1085
2 1155
2 1147
2 1157
2 1177
2 1320
2 1387
2 1406
2 1411
2 1352
2 1477
2 1516
2 1745
2 1516
2 1524
2 1549
2 1620
2 1629
2 1817
2 1679
2 1756
2 1795
2 1781
2 1795
2 1862
2 1863
2 1909
2 1974
2 2017
2 2162
2 2030
2 2110
2 2141
2 2149
2 2156
2 2181
2 2263
2 2322
2 2331
2 2316
2 2362
2 2365
2 636
2 2492
2 536
2 2489
2 565
2 537
2 715
2 648
2 654
2 761
2 794
2 817
2 921
2 826
2 968
2 982
2 1031
2 1101
2 1032
2 1103
2 1134
2 1243
2 1238
2 1214
2 1313
2 1329
2 1375
2 1451
2 1380
2 1516
2 1428
2 1494
2 1539
2 1612
2 1688
2 1733
2 1968
2 1736
2 1702
2 1800
2 1787
2 1898
2 1849
2 1930
2 1925
2 2016
2 2029
2 2115
2 2059
2 2077
2 2152
2 2202
2 2157
2 2287
2 2212
2 2310
2 2367
2 2429
2 2392
2 2373
2 563
2 714
2 547
2 519
2 533
2 606
2 774
2 695
2 749
2 724
2 780
2 820
2 917
2 933
2 933
2 996
2 1001
2 1113
2 1145
2 1070
2 1147
2 1141
2 1315
2 1268
2 1219
2 1309
2 1427
2 1355
2 1500
2 1432
2 1562
2 1713
2 1563
2 1557
2 1626
2 1698
2 1813
2 1756
2 1808
2 1818
2 1808
2 1927
2 1949
2 1967
2 2019
2 1956
2 2136
2 2116
2 2132
2 2243
2 2167
2 2245
2 2329
2 2315
2 2345
2 2327
2 2337
2 2482
2 2467
2 532
2 521
2 723
2 678
2 697
2 736
2 770
2 874
2 831
2 812
2 843
2 966
2 977
2 1042
2 1047
2 1110
2 1121
2 1206
2 1253
2 1320
2 1343
2 1217
2 1295
2 1409
2 1381
2 1434
2 1354
2 1476
2 1561
2 1550
2 1571
2 1578
2 1751
2 1638
2 1724
2 1745
2 1802
2 1964
2 1881
2 1901
2 1870
2 1911
2 1899
2 2065
2 2082
2 2046
2 2103
2 2119
2 2144
2 2144
2 2282
2 2317
2 2303
2 2317
2 2442
2 2438
2 527
2 2439
2 678
2 617
2 638
2 599
2 821
2 745
2 793
2 785
2 869
2 813
2 919
2 956
2 1035
2 1078
2 1057
2 1179
2 1207
2 1246
2 1357
2 1236
2 1376
2 1412
2 1406
2 1479
2 1380
2 1493
2 1533
2 1597
2 1583
2 1619
2 1707
2 1749
2 1720
2 1851
2 2019
2 1913
2 1922
2 2002
2 2128
2 2086
2 2111
2 2117
2 2153
2 2174
