5 1434
5 726
5 766
5 767
5 790
5 937
5 1054
5 1058
5 1143
4 1163
6 1275
5 1354
5 1422
5 1440
5 1511
5 1503
5 1712
6 1773
5 2047
5 1889
5 1863
5 2085
5 2120
5 2155
5 2325
5 2179
5 2383
5 2348
5 2426
5 2471
5 2505
5 678
5 826
5 869
5 901
5 860
5 1082
5 1074
5 1132
5 1225
5 1289
5 1398
5 1426
5 1517
5 1574
5 1606
5 1622
5 1752
5 1965
5 1937
5 2083
5 1986
5 2201
5 2249
5 2470
5 2285
5 2333
5 2431
5 532
5 628
5 643
5 697
5 803
5 986
6 946
5 1094
5 1072
5 1204
5 1304
5 1365
5 1384
5 1434
5 1448
5 1531
4 1629
5 1754
5 1802
5 1779
5 2032
5 2007
6 2056
5 2145
5 2140
5 2266
5 2484
5 2485
5 2446
5 538
5 628
5 662
5 769
5 874
5 847
5 1050
5 1124
5 1086
5 1277
5 1193
5 1347
5 1483
5 1471
5 1548
5 1586
5 1601
5 1755
5 1913
5 1914
5 1966
5 2142
5 2113
5 2263
5 2294
5 2326
5 2271
5 544
5 2482
5 561
5 634
5 631
6 739
5 863
5 877
5 921
5 928
5 1068
5 1181
4 1133
5 1302
5 1319
5 1394
5 1446
5 1486
5 1558
5 1670
5 1713
5 1786
5 1840
6 1957
5 2097
5 1983
5 2081
5 2197
4 2322
5 2286
5 2505
5 537
5 547
5 543
5 705
5 612
5 764
5 844
5 983
5 954
5 969
5 1170
5 1228
5 1251
5 1411
5 1410
5 1401
5 1463
5 1624
5 1680
5 1754
5 1772
5 1843
5 1923
5 2213
5 2088
5 2086
5 2268
5 2271
5 2385
5 626
5 2406
5 535
5 641
5 697
5 797
5 784
5 994
5 1000
5 1046
5 1115
5 1122
5 1231
5 1435
5 1413
5 1399
5 1559
5 1603
5 1632
5 1767
5 1816
5 1854
5 1936
5 2062
5 2209
5 2102
5 2178
5 2207
5 2390
5 2447
5 632
5 525
5 537
5 634
6 844
5 810
5 838
5 897
5 1038
5 1105
5 1116
5 1212
5 1241
6 1415
5 1487
5 1524
5 1559
5 1687
5 1733
5 1859
5 1890
5 1932
5 2127
5 2067
5 2412
5 2254
5 2425
5 2383
5 2428
5 589
5 857
5 750
5 778
5 745
5 978
5 919
5 1071
5 1116
5 1115
5 1216
5 1350
5 1394
5 1451
5 1524
5 1605
5 1598
5 1767
5 1791
5 1888
5 1864
5 2069
5 2069
5 2076
5 2227
5 2398
5 2276
5 2380
5 2454
5 2492
5 2474
5 732
5 745
5 752
5 865
5 832
5 898
5 1020
5 1085
5 1174
5 1135
5 1215
5 1327
5 1349
5 1436
5 1563
5 1557
5 1613
5 1692
5 1865
5 1854
5 1881
5 2033
5 2116
5 2098
5 2420
5 2218
5 2398
5 2414
5 2439
5 568
6 709
5 650
5 736
5 805
5 895
5 893
5 983
5 1109
5 1125
5 1201
5 1276
5 1418
5 1482
5 1430
5 1588
5 1594
5 1623
5 1717
5 1850
5 1940
5 2004
5 2006
5 2133
5 2164
5 2455
5 2330
5 2296
5 2431
5 2482
5 650
5 872
5 607
5 730
5 818
5 970
5 1034
5 993
5 1118
5 1238
5 1276
5 1325
5 1420
5 1406
5 1557
5 1639
5 1647
5 1707
5 1743
5 1902
5 1926
5 2031
5 2039
5 2106
5 2193
5 2426
5 2483
5 2446
5 2422
5 619
5 682
5 860
5 808
5 779
5 957
5 1048
5 1040
5 1083
5 1143
5 1246
5 1310
5 1391
5 1451
5 1563
5 1563
5 1692
5 1791
5 1855
5 1913
5 1963
5 2047
5 2039
5 2194
5 2216
5 2245
5 548
5 2445
5 622
5 652
5 529
5 720
5 937
5 846
5 1006
5 857
5 1010
5 1120
5 1130
5 1171
5 1217
5 1333
5 1380
5 1533
5 1531
5 1640
5 1622
5 1813
5 1854
5 1913
5 1964
4 1961
5 2168
5 2166
5 2245
5 2382
5 2488
5 2466
5 525
5 521
5 663
5 600
5 967
5 892
5 953
5 1047
5 983
5 1108
5 1278
5 1238
5 1360
5 1380
5 1395
5 1482
5 1634
5 1607
5 1753
5 1722
5 1840
5 1977
5 1984
5 2027
5 2002
5 2231
5 2225
5 2380
5 2514
5 2332
6 549
5 619
5 646
5 734
5 835
5 819
4 908
5 1008
5 1085
5 1070
5 1172
5 1318
5 1323
5 1466
5 1489
5 1567
5 1656
5 1628
5 1702
5 1778
5 1758
5 1857
5 1939
5 2039
5 2183
5 2121
5 2237
5 2226
4 525
5 2463
5 2440
6 634
5 642
5 719
5 1025
5 796
5 943
5 1029
5 1111
5 1192
5 1257
5 1253
5 1387
5 1360
5 1520
5 1524
5 1579
5 1685
5 1775
5 1816
5 1926
5 1977
5 2001
5 2133
6 2242
5 2179
5 2220
5 2369
5 603
5 555
5 580
5 611
5 698
5 768
5 1038
5 964
5 923
5 1022
5 1141
5 1241
5 1304
5 1320
5 1408
5 1435
5 1566
5 1636
5 1739
5 1699
5 1772
5 1893
5 2008
5 1972
5 2012
5 2120
5 2234
5 2393
5 2450
5 2448
5 652
5 633
5 708
5 773
5 713
5 816
5 1038
5 973
5 1056
5 1101
5 1199
5 1251
5 1414
5 1415
5 1472
5 1458
5 1590
5 1794
5 1815
5 1797
5 1842
5 2029
5 2024
5 2135
5 2185
5 2258
5 2353
5 2445
5 2502
5 633
5 722
5 692
5 773
5 831
5 932
5 887
5 1176
5 1120
5 1243
5 1193
5 1276
5 1311
5 1512
6 1498
5 1603
5 1676
5 1746
5 1870
5 1870
5 1950
5 2007
5 2002
5 2161
5 2195
5 2329
5 2365
5 2328
5 2447
5 526
5 610
5 851
5 694
6 858
5 897
5 996
5 1044
5 1232
5 1106
5 1224
5 1322
5 1402
6 1383
6 1455
5 1631
5 1683
5 1775
5 1802
5 1784
5 1939
5 2016
5 2041
5 2129
5 2097
5 2307
5 2280
5 2369
5 2465
5 2441
5 543
5 610
5 747
5 794
5 748
5 915
5 1022
5 993
5 1216
5 1146
5 1286
5 1297
5 1367
5 1412
5 1467
5 1473
5 1667
5 1709
5 1864
5 1828
5 1834
5 2022
5 2118
5 2158
5 2242
5 2217
5 2339
5 2429
5 2485
5 601
5 600
5 750
5 844
5 896
5 1003
5 968
5 1099
5 1177
5 1368
5 1242
5 1316
6 1396
5 1558
5 1542
5 1539
5 1754
5 1776
5 1838
5 1909
5 1925
5 2057
5 1983
5 2145
5 2249
5 2236
5 2414
5 2385
5 2467
5 534
4 675
5 764
5 718
5 827
5 1140
5 1019
5 1031
5 1068
5 1163
5 1447
5 1371
5 1446
5 1466
6 1503
5 1660
5 1665
5 1686
5 1802
5 1838
5 2042
5 1983
5 2153
5 2222
5 2157
5 2271
5 2365
5 2401
5 2499
5 2506
5 651
5 744
5 833
5 806
6 847
5 1188
5 1006
5 1110
5 1224
5 1174
5 1356
5 1257
5 1409
5 1549
5 1576
5 1577
5 1702
5 1823
5 1798
5 1916
5 1876
5 2007
5 2018
5 2153
5 2169
5 2184
5 2313
5 2398
5 2424
5 2492
5 2493
5 666
5 694
5 817
5 941
5 1037
5 990
5 1063
5 1125
5 1172
5 1367
5 1266
5 1400
5 1481
5 1455
5 1602
5 1627
5 1701
5 1865
5 1837
5 1965
5 1993
5 2050
5 2098
5 2146
5 2258
5 2208
5 2311
5 2448
5 2450
5 616
5 565
5 723
5 823
5 862
5 1129
5 996
5 1155
5 1133
5 1293
5 1366
5 1396
5 1337
5 1459
5 1530
5 1651
5 1745
5 1794
5 1764
5 1864
5 1964
5 2021
6 1997
5 2195
5 2295
5 2262
5 2451
5 2355
5 2458
5 537
5 707
5 799
5 772
5 918
5 1028
5 1155
5 1070
5 1076
5 1206
5 1306
5 1503
5 1390
5 1547
5 1529
5 1607
5 1681
5 1738
5 1899
5 1809
5 2049
5 2067
5 2046
5 2159
5 2205
5 2279
5 2379
5 2430
5 557
5 521
5 649
5 761
5 796
5 898
5 855
5 1046
5 1252
5 1130
5 1150
5 1265
5 1301
5 1566
6 1450
5 1493
5 1592
5 1645
5 1766
5 1845
5 1956
5 2071
5 1926
5 2024
5 2213
5 2235
5 2269
5 2294
5 2388
5 2461
5 529
5 593
6 624
5 731
6 889
5 944
5 1010
5 913
5 1282
5 1152
5 1187
5 1230
5 1321
5 1527
5 1478
5 1529
5 1628
5 1724
5 1691
5 1831
5 1903
5 2010
5 2048
5 2032
5 2114
5 2193
5 2221
5 2365
5 2299
5 2467
5 551
5 671
5 714
5 662
5 795
5 936
5 1044
5 1038
5 1219
6 1089
5 1252
5 1316
5 1328
5 1621
5 1497
5 1541
5 1692
5 1804
5 1831
5 1750
5 1958
5 2017
5 2020
5 2213
5 2128
5 2298
5 2426
5 2356
5 2465
5 2500
5 629
5 703
5 792
5 844
5 797
5 987
5 990
5 1102
5 1364
5 1186
5 1251
5 1421
5 1428
5 1653
5 1642
5 1619
5 1741
5 1791
5 1934
5 1918
5 1970
5 2081
5 2193
5 2249
5 2271
5 2313
5 2472
5 543
5 552
5 700
5 649
5 737
5 892
5 952
5 1010
5 1029
5 1153
5 1218
6 1365
5 1271
5 1395
5 1367
5 1494
5 1690
5 1694
5 1708
5 1729
5 1932
5 1940
5 1984
5 2041
5 2062
5 2204
5 2274
5 2297
5 2435
5 2417
5 651
5 657
5 639
5 825
5 767
5 912
5 945
5 1081
5 1055
5 1144
5 1242
5 1551
5 1360
5 1433
5 1510
5 1625
5 1789
5 1767
5 1831
5 1964
5 1972
5 2011
5 2082
6 2117
5 2364
5 2193
5 2376
6 2455
5 568
5 623
5 631
5 814
