3 1600
3 717
3 865
3 764
3 930
3 1022
3 977
3 1045
3 1054
3 1228
3 1283
3 1283
3 1563
3 1322
3 1462
3 1501
3 1540
3 1654
3 1700
3 1742
3 1847
3 1801
3 1869
3 1984
3 1999
3 1999
3 2119
3 2227
3 2156
3 2225
3 2346
3 2440
3 2369
3 2423
3 2421
3 651
3 607
3 585
3 765
3 717
3 864
3 910
3 1133
3 1059
3 1026
3 1146
3 1200
3 1165
3 1251
3 1496
3 1403
3 1398
3 1495
3 1450
3 1562
3 1535
3 1666
3 1740
3 1814
3 1803
3 1861
3 2025
3 2025
3 2092
3 2174
3 2123
3 2186
3 2252
3 2339
3 2415
3 478
3 2432
3 613
3 495
3 614
3 646
3 726
3 814
3 819
3 983
3 865
3 1015
3 1054
3 1132
3 1151
3 1136
3 1248
3 1348
3 1327
3 1395
3 1419
3 1499
3 1561
3 1610
3 1713
3 1792
3 1766
3 1785
3 1944
3 1971
3 2076
3 1987
3 2219
3 2213
3 2308
3 2258
3 2269
3 2411
3 2424
3 640
3 555
3 562
3 711
3 705
3 736
3 814
3 808
3 889
3 981
3 1029
3 1107
3 1142
3 1204
3 1355
3 1366
3 1374
6 1411
3 1445
3 1508
3 1629
3 1636
3 1753
3 1900
3 1883
3 1930
3 1881
3 2024
3 1958
3 2090
3 2373
3 2221
3 2212
3 2251
3 2395
3 2419
3 2485
3 570
3 552
3 641
3 775
3 806
3 817
3 831
3 999
3 999
3 1040
3 1135
3 1061
3 1204
3 1324
3 1374
3 1470
3 1576
3 1475
3 1532
3 1629
3 1644
3 1791
3 1707
3 2004
3 1949
3 1977
3 2000
3 2032
3 2212
3 2267
3 2223
3 2404
3 2307
3 2409
3 2451
3 507
3 624
3 611
3 735
3 793
3 931
3 970
3 1015
3 1045
3 1072
3 1141
3 1358
3 1183
3 1364
3 1403
3 1401
3 1460
3 1507
3 1682
3 1603
3 1701
3 1759
3 1793
3 1810
3 1938
3 1999
3 2021
3 2180
3 2100
3 2200
3 2322
3 2361
3 2426
3 2360
3 550
3 544
3 576
3 674
3 677
3 842
3 876
3 1107
3 984
3 937
3 1105
3 1166
3 1211
3 1298
3 1527
3 1385
3 1409
3 1463
3 1489
3 1555
3 1624
3 1751
3 1758
3 1767
3 1859
3 1900
3 1990
3 2081
3 2186
3 2169
3 2236
3 2318
3 2377
4 2430
3 481
3 496
3 646
3 830
3 679
3 823
3 819
3 985
3 1016
3 1056
3 1214
3 1098
3 1254
3 1191
3 1407
3 1401
3 1370
3 1437
3 1574
3 1619
3 1604
3 1730
3 1720
3 1779
3 1951
3 1983
3 2015
3 1995
3 2140
3 2219
3 2283
3 2326
3 2299
3 546
3 2463
3 547
3 612
3 616
3 759
3 811
3 829
3 891
3 914
3 1010
3 1063
3 1141
3 1167
3 1160
3 1313
3 1357
3 1378
3 1414
3 1529
3 1530
3 1579
3 1633
3 1672
3 1733
3 1737
3 1801
3 1934
3 1954
3 2081
3 2204
3 2184
3 2166
3 2359
3 2435
3 2308
3 2430
3 493
3 616
3 634
3 612
3 762
3 846
3 902
3 976
3 922
3 1100
3 1146
3 1210
3 1204
3 1220
3 1377
3 1373
4 1434
3 1460
3 1566
3 1661
3 1729
3 1726
3 1833
3 2008
3 1841
3 1959
3 2100
3 2192
3 2190
3 2177
3 2332
3 2424
3 2412
3 2480
3 2467
3 589
3 733
3 793
3 880
3 808
3 991
3 1027
3 1149
3 1116
3 1117
3 1275
3 1315
3 1366
3 1391
3 1401
3 1458
3 1582
3 1582
3 1878
3 1700
3 1716
3 1789
3 1887
3 2056
4 2010
3 2011
3 2370
3 2222
3 2240
3 2416
3 2345
3 2437
3 2468
3 563
3 622
4 653
3 786
3 769
3 974
3 963
3 949
3 1009
3 1167
3 1129
3 1224
3 1230
3 1397
3 1442
3 1650
3 1568
3 1599
3 1693
3 1712
3 1730
3 1784
3 1917
3 2039
3 2025
3 2022
3 2150
3 2163
3 2215
3 2332
3 2461
3 2393
3 595
3 2461
3 626
3 739
3 771
3 796
3 784
3 1004
3 1088
3 1044
3 1139
3 1094
3 1226
3 1550
3 1356
3 1443
3 1431
3 1457
3 1590
3 1623
3 1636
3 1992
3 1778
3 1942
3 1928
3 1981
3 2042
3 2053
3 2194
3 2276
3 2342
3 2398
3 2404
3 487
3 548
3 569
3 660
3 639
3 858
3 831
3 936
3 1029
3 1033
3 1198
3 1199
3 1227
3 1363
3 1350
3 1342
3 1436
3 1589
3 1745
3 1676
3 1640
3 1772
3 1810
3 1891
3 1971
3 1957
3 2122
3 2107
3 2199
3 2341
3 2224
3 2373
3 2459
3 514
3 571
3 529
3 672
3 727
3 800
3 867
3 967
3 1005
3 1005
3 1187
3 1164
3 1128
3 1274
3 1339
3 1528
3 1405
3 1430
3 1582
3 1567
3 1685
3 1701
3 1821
3 1757
3 1872
3 1962
3 1969
3 2128
3 2082
3 2164
3 2320
3 2403
3 2397
3 2425
3 595
3 572
3 629
3 855
3 745
3 909
3 942
3 993
3 988
3 1065
3 1192
3 1479
3 1241
3 1383
3 1371
3 1479
3 1592
3 1555
3 1663
3 1742
4 1712
3 1893
3 1939
3 1994
3 1982
3 2042
3 2155
3 2160
3 2243
3 2328
3 2326
3 2439
3 504
3 748
3 600
3 649
3 767
3 813
3 1024
3 982
3 963
3 1195
3 1182
3 1280
3 1281
3 1263
3 1384
3 1448
3 1572
3 1576
3 1672
3 1703
3 1764
3 1851
3 1907
3 1993
3 1978
3 2101
3 2219
3 2290
3 2392
3 2300
3 2423
3 603
3 571
3 605
3 611
3 805
3 782
3 932
3 951
3 1055
3 1040
3 1190
3 1171
3 1215
3 1262
4 1365
3 1484
3 1655
3 1552
3 1597
3 1729
3 1733
3 1770
3 1924
3 1919
3 1894
3 1998
3 2136
3 2157
3 2187
3 2262
3 513
3 2423
3 2472
3 591
3 530
3 662
3 744
3 801
3 1007
3 864
3 966
3 974
3 1024
3 1144
3 1097
3 1264
3 1349
3 1338
3 1384
3 1530
3 1601
3 1589
3 1675
3 1734
3 1810
3 1828
3 1945
3 2012
3 2030
3 2106
3 2068
3 2186
3 2332
3 2366
3 2353
3 2373
3 2461
3 558
3 802
3 722
3 722
3 862
3 995
3 985
3 1045
3 1070
3 1162
3 1261
3 1285
3 1404
3 1381
3 1431
3 1438
3 1550
3 1630
3 1725
3 1748
3 1771
3 1835
4 2000
3 1973
3 2042
3 2169
3 2208
3 2369
3 2360
3 2328
3 2447
3 747
3 642
3 621
3 655
3 829
3 879
3 934
3 1019
3 1022
3 1072
3 1194
3 1280
3 1281
3 1323
3 1382
3 1403
3 1562
3 1597
3 1637
3 1634
3 1724
3 1846
3 1911
3 1977
3 1906
3 2085
3 2141
3 2164
3 2289
3 2282
3 2307
3 2462
3 2449
3 541
3 520
3 640
3 810
3 831
3 858
3 906
3 962
3 1080
3 1127
3 1185
3 1196
3 1287
3 1395
3 1361
3 1415
3 1469
3 1553
3 1653
3 1667
3 1926
3 1750
3 1818
3 1931
3 1983
3 2037
3 2200
3 2098
3 2246
3 2324
3 2322
3 2438
3 2464
3 595
3 614
3 803
3 779
3 807
3 985
3 945
3 957
3 1100
3 1062
3 1226
3 1345
3 1374
3 1378
3 1445
3 1556
3 1564
3 1849
3 1749
3 1756
3 1911
3 1970
3 2074
3 2135
3 2182
3 2354
3 2364
3 2305
3 2445
3 2458
3 480
3 555
3 593
3 800
3 760
3 765
3 878
3 963
3 1030
3 1113
3 1091
3 1273
3 1307
3 1342
3 1343
3 1393
3 1547
3 1737
3 1642
3 1683
3 1748
3 1735
3 1867
3 1915
3 1945
3 2255
3 2072
3 2148
3 2245
3 2284
3 2377
3 2344
4 495
3 514
3 623
3 630
3 662
3 797
3 838
3 932
3 1037
3 980
3 1120
3 1241
3 1308
3 1310
3 1388
3 1599
3 1575
3 1591
3 1632
3 1728
3 1679
3 1833
3 1899
3 2140
3 2026
3 1957
3 2126
3 2172
3 2304
3 2363
3 2299
3 2459
3 540
3 554
3 605
3 607
3 827
3 879
3 946
3 908
3 970
3 1069
3 1153
3 1258
3 1312
3 1463
3 1360
3 1504
3 1453
3 1491
3 1605
3 1625
3 1748
3 1923
3 1828
3 1949
3 1947
3 2118
3 2064
3 2145
3 2328
3 2231
3 2388
3 2378
3 2471
3 534
3 569
3 649
3 736
3 779
3 870
3 853
3 1081
3 1082
3 1193
3 1165
3 1225
3 1339
3 1330
3 1385
3 1492
3 1511
3 1607
3 1825
3 1700
3 1792
3 1917
3 1930
3 1929
3 2025
3 2107
3 2118
3 2118
3 2284
3 2400
3 2413
3 482
3 2435
3 574
3 707
3 749
3 778
3 781
3 907
3 960
3 991
3 1406
3 1085
3 1251
3 1251
3 1401
3 1383
3 1422
3 1619
4 1658
3 1585
3 1741
3 1810
3 1777
3 1913
3 1906
3 2074
3 2141
3 2061
3 2295
3 2322
3 2364
3 2380
3 2407
3 627
3 597
3 683
3 747
3 761
3 908
3 952
3 1163
3 1084
3 1148
3 1208
3 1245
3 1363
3 1348
3 1633
3 1427
3 1497
3 1584
3 1666
3 1752
3 1727
3 1847
3 1991
3 1949
3 2044
3 2031
3 2160
3 2341
3 2331
3 2388
3 2359
3 2419
3 564
3 637
3 725
3 685
3 821
3 1061
3 961
3 951
3 990
3 1111
3 1246
3 1294
3 1533
3 1346
3 1461
3 1530
3 1590
3 1659
3 1760
3 1696
3 1847
3 1844
3 1937
3 2054
3 2028
3 2143
3 2291
3 2316
3 2327
3 2347
3 520
